1789544775328 2.0943339228630067 10
1789544781067 2.1692397832870483 20
1789544786761 1.9568173110485076 30
1789544792218 1.0269735425710678 40
1789544797902 0.4736401930451393 50
1789544803359 0.23826317191123964 60
1789544809047 0.1702724277973175 70
1789544814712 0.14774072505533695 80
1789544820127 0.12288364619016648 90
1789544825840 0.09822657760232686 100
1789544831288 0.10961364880204201 110
1789544836989 0.0871218279004097 120
1789544842661 0.09090872816741466 130
1789544848102 0.09163729138672352 140
1789544853819 0.09239090457558632 150
1789544859263 0.0840447150170803 160
1789544864923 0.08754413723945617 170
1789544870594 0.08844803720712661 180
1789544876037 0.08093468882143498 190
1789544881702 0.08400669656693935 200
1789544887124 0.0807560259476304 210
1789544892789 0.07710883859544992 220
1789544898447 0.07388047780841589 230
1789544903867 0.08204793315380812 240
1789544909579 0.08246204722672701 250
1789544915002 0.08181717880070209 260
1789544920688 0.08076660875231027 270
1789544926395 0.0838246375322342 280
1789544931881 0.07320450525730848 290
1789544937592 0.08149259816855192 300
1789544943058 0.08079878240823746 310
1789544948753 0.07668025922030211 320
1789544954451 0.08215324115008116 330
1789544959919 0.07882716227322817 340
1789544965676 0.08051920756697654 350
1789544971118 0.07959116958081722 360
1789544976821 0.07543860878795386 370
1789544982512 0.07841920368373394 380
1789544987972 0.08091654293239117 390
1789544993653 0.08082318678498268 400
1789544999113 0.08312526531517506 410
1789545004831 0.08153035640716552 420
1789545010537 0.08049627039581538 430
1789545016017 0.07265666145831347 440
1789545021716 0.07427426110953092 450
1789545027194 0.07764772213995456 460
1789545032847 0.07734314333647489 470
1789545038529 0.07474662940949202 480
1789545043934 0.08243536688387394 490
1789545049622 0.0858240157365799 500
1789545055077 0.07923132833093405 510
1789545060782 0.07425215914845466 520
1789545066494 0.07982082534581422 530
1789545071933 0.07850893326103688 540
1789545077626 0.07869300488382577 550
1789545083297 0.07389566600322724 560
1789545088746 0.07633213885128498 570
1789545094415 0.07796343024820089 580
1789545099871 0.07366195116192102 590
1789545105534 0.07892402037978172 600
1789545111242 0.0756521314382553 610
1789545116675 0.07731154765933752 620
1789545122358 0.07632519323378802 630
1789545127801 0.07295339666306973 640
1789545133486 0.07747787982225418 650
1789545139146 0.07709968518465757 660
1789545144609 0.0788356401026249 670
1789545150319 0.07802479565143586 680
1789545155776 0.0772272190079093 690
1789545161477 0.07820322308689356 700
1789545167195 0.07681384887546301 710
1789545172670 0.07591682821512222 720
1789545178357 0.07786847427487373 730
1789545183822 0.0737871976569295 740
1789545189513 0.07875639982521535 750
1789545195219 0.07766104862093925 760
1789545200641 0.07772748079150915 770
1789545206334 0.078072658367455 780
1789545211766 0.0799421075731516 790
1789545217426 0.0760869299992919 800
1789545223112 0.07899695243686437 810
1789545228538 0.07498008981347085 820
1789545234250 0.0771931080147624 830
1789545239673 0.07661582771688699 840
1789545245343 0.07961024083197117 850
1789545251059 0.07358150351792574 860
1789545256509 0.06631415542215109 870
1789545262187 0.07585171349346638 880
1789545267651 0.07468041740357875 890
1789545273321 0.06903423685580493 900
1789545279010 0.0779575414955616 910
1789545284464 0.07641437724232673 920
1789545290158 0.07763757947832346 930
1789545295589 0.08060246016830205 940
1789545301296 0.0745487630367279 950
1789545306972 0.0715281380340457 960
1789545312404 0.075157081335783 970
1789545318113 0.07392552495002747 980
1789545323555 0.08031321689486504 990
1789545329258 0.07663276102393865 1000
1789545334919 0.07759401705116034 1010
1789545340370 0.0786483496427536 1020
1789545346039 0.07387822177261114 1030
1789545351482 0.07685348466038704 1040
1789545357168 0.08310647904872895 1050
1789545362846 0.07603994365781545 1060
1789545368280 0.07883908376097679 1070
1789545373965 0.07545260768383741 1080
1789545379652 0.0776554960757494 1090
1789545385112 0.07526926174759865 1100
1789545390810 0.07234035693109035 1110
1789545396250 0.07614330593496561 1120
1789545401943 0.07582528032362461 1130
1789545407635 0.07718673162162304 1140
1789545413080 0.07497796341776848 1150
1789545418780 0.07534492164850234 1160
1789545424247 0.07521278765052557 1170
1789545429922 0.07581770345568657 1180
1789545435611 0.07687265817075968 1190
1789545441073 0.07799006812274456 1200
1789545446759 0.07919452134519815 1210
1789545452206 0.0750970734283328 1220
1789545457922 0.07603160329163075 1230
1789545463623 0.07667983639985324 1240
1789545469111 0.07672919314354658 1250
1789545475321 0.07482636831700802 1260
1789545480787 0.07626548372209072 1270
1789545486498 0.07101621218025685 1280
1789545492236 0.07851438224315643 1290
1789545497736 0.07292092889547348 1300
1789545503453 0.07444936297833919 1310
1789545508938 0.07318423856049776 1320
1789545514629 0.07372915148735046 1330
1789545520321 0.06864693108946085 1340
1789545525784 0.07595725767314435 1350
1789545531505 0.0804263100028038 1360
1789545536956 0.07824071887880564 1370
1789545542662 0.07465987224131823 1380
1789545548352 0.0743488384410739 1390
1789545553815 0.06833248306065798 1400
1789545559513 0.07522616051137447 1410
1789545564989 0.07814723681658506 1420
1789545570691 0.07465059570968151 1430
1789545576425 0.0749016722664237 1440
1789545581915 0.07790193557739258 1450
1789545587612 0.0731234785169363 1460
1789545593054 0.07799390852451324 1470
1789545598746 0.08518155924975872 1480
1789545604814 0.10531739443540573 1490
1789545610408 0.12191110569983721 1500
1789545616203 0.11635459177196025 1510
1789545621825 0.11010046117007732 1520
1789545627789 0.09772758297622204 1530
1789545633555 0.08830026090145111 1540
1789545639073 0.08339417893439531 1550
1789545644835 0.07917105201631784 1560
1789545650350 0.07667913399636746 1570
1789545656433 0.0845338262617588 1580
1789545662273 0.08062664829194546 1590
1789545667978 0.08012458588927984 1600
1789545673922 0.07916130349040032 1610
1789545679744 0.07249640785157681 1620
1789545685273 0.07826694641262293 1630
1789545691067 0.07840236164629459 1640
1789545696601 0.08185267336666584 1650
1789545702432 0.07951907888054847 1660
1789545708306 0.07724137157201767 1670
1789545714008 0.07451266516000032 1680
1789545720168 0.07432726584374905 1690
1789545725694 0.07023166380822658 1700
1789545731473 0.07589642256498337 1710
1789545737435 0.07763582840561867 1720
1789545743007 0.077814120054245 1730
1789545748890 0.07744609285145998 1740
1789545754494 0.07407240811735391 1750
1789545760567 0.07158708442002534 1760
1789545766603 0.07203923631459475 1770
1789545772454 0.07529245596379042 1780
1789545778286 0.07729461789131165 1790
1789545784015 0.07774424981325864 1800
1789545789942 0.07795126531273126 1810
1789545795915 0.07228723112493754 1820
1789545801795 0.0781344335526228 1830
1789545808142 0.07562917526811361 1840
1789545813866 0.0748405272141099 1850
1789545820082 0.07374261934310197 1860
1789545826202 0.07318596225231885 1870
1789545831973 0.07047598324716091 1880
1789545837898 0.07326160036027432 1890
1789545843858 0.07304693069308996 1900
1789545850191 0.0705026388168335 1910
1789545856229 0.07069878205657006 1920
1789545862043 0.07262698393315077 1930
1789545867993 0.07554320022463798 1940
1789545873708 0.0752912100404501 1950
1789545879513 0.07215546406805515 1960
1789545885356 0.07326924335211515 1970
1789545890931 0.07363290581852197 1980
1789545896729 0.07547127418220043 1990
1789545902303 0.07575599793344737 2000
1789545908118 0.07638772930949926 2010
1789545913933 0.07722212616354227 2020
1789545919495 0.07896691877394915 2030
1789545925318 0.07782829273492098 2040
1789545930895 0.07398677077144385 2050
1789545936691 0.07783034443855286 2060
1789545942471 0.08025561161339283 2070
1789545947981 0.0744851991534233 2080
1789545953724 0.07171318754553795 2090
1789545959222 0.07713640592992306 2100
1789545964976 0.07442625612020493 2110
1789545970718 0.07570867408066988 2120
1789545976274 0.0726333836093545 2130
1789545982062 0.07536267526447774 2140
1789545987620 0.07427537236362695 2150
1789545993366 0.07665567826479673 2160
1789545999176 0.07585603613406419 2170
1789546004780 0.07702963724732399 2180
1789546010621 0.07791414614766837 2190
1789546016218 0.07733879443258047 2200
1789546022214 0.07349474783986806 2210
1789546028158 0.07530176229774951 2220
1789546034255 0.0718227183446288 2230
1789546040087 0.07807117756456136 2240
1789546045763 0.07607018537819385 2250
1789546051728 0.0717828119173646 2260
1789546057523 0.07218460459262133 2270
1789546063534 0.07749682478606701 2280
1789546069615 0.0761424196884036 2290
1789546075520 0.07461547031998635 2300
1789546081154 0.07304425127804279 2310
1789546086990 0.07438847552984953 2320
1789546092517 0.074072190746665 2330
1789546098290 0.0732439773157239 2340
1789546104061 0.07703262493014336 2350
1789546109598 0.07201328817754984 2360
1789546115376 0.07624218259006739 2370
1789546120944 0.07316060550510883 2380
1789546126818 0.07664334140717984 2390
1789546132626 0.07853044830262661 2400
1789546138165 0.07770759798586369 2410
1789546143967 0.07136488519608974 2420
1789546149497 0.0752310773357749 2430
1789546155258 0.07212797943502665 2440
1789546161030 0.07622693199664354 2450
1789546166544 0.07304189838469029 2460
1789546172317 0.07710255533456803 2470
1789546177881 0.0763148631900549 2480
1789546183637 0.07290960904210805 2490
1789546189447 0.07372775413095951 2500
1789546195470 0.07550841085612774 2510
1789546201232 0.07542095426470041 2520
1789546206746 0.0755933579057455 2530
1789546212497 0.07332606129348278 2540
1789546218253 0.07473553195595742 2550
1789546223750 0.07543026749044657 2560
1789546229479 0.07250784132629633 2570
1789546234988 0.07515345923602582 2580
1789546240752 0.07579582165926695 2590
1789546246517 0.07629680335521698 2600
1789546252037 0.07750238385051489 2610
1789546257797 0.07064501699060202 2620
1789546263295 0.07848936971276999 2630
1789546269005 0.07372623607516289 2640
1789546274730 0.07281626872718334 2650
1789546280202 0.07649708408862352 2660
1789546285944 0.06838333364576102 2670
1789546291442 0.06840221043676138 2680
1789546297171 0.07613221816718578 2690
1789546302930 0.07470521908253432 2700
1789546308504 0.07477690763771534 2710
1789546314320 0.07478922177106143 2720
1789546319862 0.07211897298693656 2730
1789546325693 0.07375647053122521 2740
1789546331520 0.07853236794471741 2750
1789546337066 0.06998918075114488 2760
1789546342827 0.07375698871910571 2770
1789546348326 0.07378783617168665 2780
1789546354067 0.07051172759383917 2790
1789546359862 0.07384314313530922 2800
1789546365368 0.07537622451782226 2810
1789546371148 0.0776115257292986 2820
1789546376963 0.07809421364217997 2830
1789546382528 0.07379081957042218 2840
1789546388326 0.07363928519189358 2850
1789546393896 0.075496575422585 2860
1789546399698 0.073663379997015 2870
1789546405441 0.07479787599295377 2880
1789546410964 0.07099468912929296 2890
1789546416705 0.07341971211135387 2900
1789546422219 0.07460443917661905 2910
1789546427965 0.07586853429675103 2920
1789546433765 0.07752197496592998 2930
1789546439276 0.07322259712964296 2940
1789546445047 0.08067696206271649 2950
1789546450571 0.07072839587926864 2960
1789546456373 0.07426438592374325 2970
1789546462150 0.07430007308721542 2980
1789546467625 0.07356801684945821 2990
1789546473382 0.07359826546162367 3000
1789546478858 0.07532400563359261 3010
1789546484613 0.07639905102550984 3020
1789546490380 0.07650374229997396 3030
1789546495894 0.0751722851768136 3040
1789546501674 0.07698998767882585 3050
1789546507185 0.08090420104563237 3060
1789546512935 0.0716129070147872 3070
1789546518708 0.074015311896801 3080
1789546524206 0.07483763471245766 3090
1789546529942 0.07404337506741285 3100
1789546535462 0.06950020454823971 3110
1789546541212 0.0732240378856659 3120
1789546546978 0.07364696674048901 3130
1789546552547 0.07493117973208427 3140
1789546558351 0.06829462479799986 3150
1789546563877 0.07553383484482765 3160
1789546569614 0.07285495139658452 3170
1789546575353 0.07678979970514774 3180
1789546580853 0.07504372764378786 3190
1789546586615 0.07293403800576925 3200
1789546592161 0.07153273429721593 3210
1789546597909 0.07207516226917506 3220
1789546603656 0.0757207464426756 3230
1789546609154 0.07881239019334316 3240
1789546614874 0.07209100220352412 3250
1789546620401 0.07099651750177145 3260
1789546626203 0.07551203668117523 3270
1789546632013 0.07486146911978722 3280
1789546637572 0.07604016475379467 3290
1789546643415 0.07519971206784248 3300
1789546648956 0.07123293168842793 3310
1789546654754 0.07581186555325985 3320
1789546660511 0.07153966967016459 3330
1789546666113 0.07684631142765283 3340
1789546671905 0.07229892332106828 3350
1789546677713 0.07437800951302051 3360
1789546683237 0.07873253226280212 3370
1789546688982 0.07422856725752354 3380
1789546694494 0.07809563968330621 3390
1789546700320 0.07924884017556906 3400
1789546706087 0.07499700970947742 3410
1789546711631 0.07514677736908197 3420
1789546717416 0.07695842534303665 3430
1789546722882 0.07482038456946612 3440
1789546728613 0.07191761266440153 3450
1789546734339 0.06651945486664772 3460
1789546739827 0.07257095947861672 3470
1789546745557 0.07768442071974277 3480
1789546751057 0.07421375270932913 3490
1789546756810 0.07071452662348747 3500
1789546762550 0.07187914606183768 3510
1789546768056 0.06984326094388962 3520
1789546773796 0.07388862110674381 3530
1789546779282 0.0732295161113143 3540
1789546784986 0.07861771937459708 3550
1789546790718 0.07483821101486683 3560
1789546796183 0.0760459404438734 3570
1789546801918 0.07528046388179063 3580
1789546807388 0.07070893365889788 3590
1789546813094 0.07176541946828366 3600
1789546818797 0.07381714321672916 3610
1789546824258 0.07653438542038202 3620
1789546829973 0.0720917072147131 3630
1789546835475 0.07388989850878716 3640
1789546841245 0.07658582199364901 3650
1789546846951 0.0731968643143773 3660
1789546852434 0.07161061353981495 3670
1789546858156 0.07797875739634037 3680
1789546863647 0.07334096804261207 3690
1789546869343 0.0747080648317933 3700
1789546875088 0.07671425603330136 3710
1789546880543 0.07562703546136618 3720
1789546886284 0.07732495032250881 3730
1789546891764 0.07434837464243174 3740
1789546897492 0.0708900298923254 3750
1789546903814 0.07103108242154121 3760
1789546909317 0.0744783317670226 3770
1789546915069 0.07121598850935698 3780
1789546920576 0.07339111659675837 3790
1789546926308 0.07648846041411161 3800
1789546932028 0.07900001294910908 3810
1789546937569 0.07660640589892864 3820
1789546943291 0.07675154320895672 3830
1789546949114 0.07594015765935183 3840
1789546954594 0.07386321853846312 3850
1789546960408 0.07479589562863112 3860
1789546965968 0.07272913753986358 3870
1789546971729 0.07719092536717653 3880
1789546977488 0.07182735539972782 3890
1789546982992 0.07234921678900719 3900
1789546988807 0.0734001263976097 3910
1789546994333 0.07370128482580185 3920
1789547000092 0.08081580065190792 3930
1789547005869 0.07841642387211323 3940
1789547011476 0.07699937429279088 3950
1789547017270 0.07562665529549122 3960
1789547022850 0.07240437548607588 3970
1789547028695 0.07579758577048779 3980
1789547034502 0.07526633907109499 3990
1789547040082 0.07035807855427265 4000
1789547045937 0.07568033803254366 4010
1789547051507 0.0727900268509984 4020
1789547057625 0.07067527156323195 4030
1789547063411 0.07596121579408646 4040
1789547068961 0.07518526855856181 4050
1789547074804 0.07357615940272808 4060
1789547080367 0.08045306913554669 4070
1789547086207 0.0737232431769371 4080
1789547092079 0.07493133880198002 4090
1789547097652 0.07832844983786344 4100
1789547103423 0.07305150292813778 4110
1789547108958 0.07768281530588865 4120
1789547114755 0.0741912154480815 4130
1789547120527 0.07380518838763236 4140
1789547126033 0.0753446288406849 4150
1789547131832 0.07256830520927907 4160
1789547137369 0.07057413719594478 4170
1789547143143 0.07046133000403643 4180
1789547148959 0.07817029710859061 4190
1789547154501 0.07653539832681418 4200
1789547160281 0.07150864023715257 4210
1789547165818 0.07874567322432995 4220
1789547171647 0.07416127100586892 4230
1789547177423 0.0745164182037115 4240
1789547182954 0.06789251826703549 4250
1789547188739 0.07224788106977939 4260
1789547194311 0.07430984731763601 4270
1789547200111 0.07815891243517399 4280
1789547205908 0.06979971788823605 4290
1789547211509 0.07193530034273862 4300
1789547217333 0.07140563037246465 4310
1789547222848 0.07253231182694435 4320
1789547228576 0.07487848177552223 4330
1789547234309 0.07330363225191831 4340
1789547239799 0.0776936337351799 4350
1789547245530 0.0736984258517623 4360
1789547251017 0.07125819977372885 4370
1789547256762 0.0698530275374651 4380
1789547262478 0.07528409790247678 4390
1789547267992 0.07347289584577084 4400
1789547273716 0.07420830223709345 4410
1789547279217 0.07282720617949963 4420
1789547284957 0.07193746529519558 4430
1789547290697 0.07044904474169016 4440
1789547296207 0.07102619186043739 4450
1789547301941 0.07187992092221976 4460
1789547307436 0.07657300923019647 4470
1789547313152 0.07187838684767485 4480
1789547318883 0.0743677930906415 4490
1789547324375 0.07206113394349814 4500
1789547330113 0.07327421791851521 4510
1789547335840 0.07601518742740154 4520
1789547341346 0.07363125625997782 4530
1789547347077 0.07211545035243035 4540
1789547352567 0.07487438954412937 4550
1789547358318 0.07365446966141462 4560
1789547364048 0.0729679986834526 4570
1789547369560 0.07244527917355299 4580
1789547375292 0.06908411830663681 4590
1789547380804 0.06907675135880709 4600
1789547386549 0.0733125425875187 4610
1789547392295 0.07683524955064058 4620
1789547397803 0.0722943877801299 4630
1789547403551 0.07047808952629567 4640
1789547409036 0.07281430177390576 4650
1789547414776 0.07557957042008638 4660
1789547420494 0.07199368514120578 4670
1789547425969 0.06972187589854002 4680
1789547431673 0.06930378582328559 4690
1789547437155 0.07195101547986268 4700
1789547442866 0.07781279236078262 4710
1789547448589 0.07357251364737749 4720
1789547454078 0.0738532306626439 4730
1789547459806 0.0740301936864853 4740
1789547465281 0.07208801098167897 4750
1789547470999 0.0743038583546877 4760
1789547476722 0.07355016674846411 4770
1789547482179 0.07802522424608468 4780
1789547487885 0.07493994943797588 4790
1789547493348 0.06985224056988955 4800
1789547499067 0.0728132301941514 4810
1789547504792 0.07387047726660967 4820
1789547510264 0.06872521881014108 4830
1789547515981 0.07562442012131214 4840
1789547521452 0.0756416454911232 4850
1789547527184 0.07256204299628735 4860
1789547532902 0.07412299644201994 4870
1789547538387 0.08119975253939629 4880
1789547544102 0.07475446555763483 4890
1789547549585 0.07818104680627584 4900
1789547555301 0.07682362888008357 4910
1789547561007 0.0701760532334447 4920
1789547566496 0.07419647462666035 4930
1789547572218 0.07235313877463341 4940
1789547577705 0.07275733891874551 4950
1789547583437 0.07361959107220173 4960
1789547589181 0.07106090150773525 4970
1789547594662 0.06936571784317494 4980
1789547600382 0.07060174345970154 4990
1789547605879 0.07216724660247564 5000
1789547612091 0.07271630205214023 5010
1789547617828 0.07402793169021607 5020
1789547623321 0.07359555605798959 5030
1789547629052 0.07111508846282959 5040
1789547634542 0.0781356019899249 5050
1789547640274 0.07451286483556033 5060
1789547646011 0.07593021653592587 5070
1789547651493 0.07220338229089976 5080
1789547657244 0.07670418955385686 5090
1789547662725 0.07421550154685974 5100
1789547668447 0.07578870840370655 5110
1789547674176 0.07210058160126209 5120
1789547679682 0.07284296229481697 5130
1789547685401 0.07776874341070653 5140
1789547690910 0.07404418289661407 5150
1789547696634 0.07069571111351251 5160
1789547702363 0.07786796558648348 5170
1789547707883 0.07752021923661231 5180
1789547713596 0.06946753598749637 5190
1789547719330 0.07420954033732415 5200
1789547724811 0.07808289192616939 5210
1789547730541 0.07439959347248078 5220
1789547736031 0.0745818018913269 5230
1789547741755 0.07303114961832761 5240
1789547747464 0.07770735044032336 5250
1789547752927 0.07312256433069705 5260
1789547758637 0.07556165419518948 5270
1789547764123 0.07479012366384268 5280
1789547769846 0.07921416889876128 5290
1789547775574 0.07191185355186462 5300
1789547781054 0.07669603303074837 5310
1789547786782 0.07172061558812856 5320
1789547792267 0.07521748207509518 5330
1789547798002 0.07682068068534136 5340
1789547803727 0.07242872044444085 5350
1789547809195 0.07266351357102394 5360
1789547814930 0.07643349412828684 5370
1789547820394 0.07650483809411526 5380
1789547826111 0.07463490515947342 5390
1789547831827 0.07119338475167751 5400
1789547837307 0.0714722452685237 5410
1789547843024 0.07272177878767253 5420
1789547848539 0.0733739297837019 5430
1789547854278 0.07686538547277451 5440
1789547860027 0.0738644253462553 5450
1789547865524 0.07604303993284703 5460
1789547871267 0.07091928310692311 5470
1789547876746 0.06960691772401333 5480
1789547882470 0.06945865340530873 5490
1789547888197 0.07524717822670937 5500
1789547893694 0.07459158152341842 5510
1789547899433 0.07490095589309931 5520
1789547904949 0.07177346181124448 5530
1789547910704 0.07144176196306944 5540
1789547916425 0.07181582953780889 5550
1789547921923 0.06886557769030333 5560
1789547927637 0.07041068021208048 5570
1789547933139 0.07481651734560728 5580
1789547938860 0.073889235034585 5590
1789547944594 0.0754246374592185 5600
1789547950071 0.07649786807596684 5610
1789547955804 0.07206925749778748 5620
1789547961295 0.07396605890244246 5630
1789547967017 0.0745347836986184 5640
1789547972740 0.07047161366790533 5650
1789547978228 0.0712018197402358 5660
1789547983935 0.07297404389828444 5670
1789547989371 0.072474374063313 5680
1789547995035 0.0693348202854395 5690
1789548000708 0.0704321838915348 5700
1789548006143 0.06650871150195599 5710
1789548011802 0.07132737003266812 5720
1789548017253 0.07456937693059444 5730
1789548022889 0.07153049856424332 5740
1789548028530 0.07250462062656879 5750
1789548033943 0.07763829100877047 5760
1789548039604 0.07396915927529335 5770
1789548045013 0.07338595744222402 5780
1789548050679 0.07003351654857397 5790
1789548056351 0.0731724863871932 5800
1789548061791 0.07654771115630865 5810
1789548067449 0.06851594746112824 5820
1789548072873 0.07544955853372812 5830
1789548078537 0.07043084148317576 5840
1789548084206 0.07475260645151138 5850
1789548089629 0.07095012050122022 5860
1789548095281 0.07233363315463066 5870
1789548100947 0.07171049304306507 5880
1789548106422 0.07606772780418396 5890
1789548112160 0.07470307759940624 5900
1789548117670 0.07461820561438799 5910
1789548123396 0.0751839691773057 5920
1789548129110 0.07479328140616417 5930
1789548134611 0.07463573422282935 5940
1789548140327 0.07150149326771497 5950
1789548145822 0.07679605912417173 5960
1789548151535 0.0720554342493415 5970
1789548157261 0.07069629076868296 5980
1789548162742 0.07496579606086015 5990
1789548168461 0.07477069571614266 6000
1789548173932 0.07473762296140193 6010
1789548179652 0.07288384139537811 6020
1789548185375 0.07430982757359743 6030
1789548190861 0.07469226866960525 6040
1789548196605 0.0735014135017991 6050
1789548202096 0.07516306154429912 6060
1789548207813 0.07144646439701319 6070
1789548213553 0.07506917417049408 6080
1789548219053 0.07841935567557812 6090
1789548224766 0.0733494533225894 6100
1789548230264 0.07259090133011341 6110
1789548236004 0.07223408743739128 6120
1789548241739 0.07676744237542152 6130
1789548247224 0.07209596447646618 6140
1789548252950 0.07429540548473597 6150
1789548258444 0.06950212344527244 6160
1789548264192 0.07590793706476688 6170
1789548269928 0.07486309837549925 6180
1789548275411 0.07428541779518127 6190
1789548281167 0.07478071041405202 6200
1789548286660 0.07305361852049827 6210
1789548292419 0.06962327528744935 6220
1789548298140 0.07204392831772566 6230
1789548303649 0.07593614030629396 6240
1789548309388 0.07198204584419728 6250
