1789544775328 0.008 10
1789544781067 0.016 20
1789544786761 0.024 30
1789544792218 0.032 40
1789544797902 0.04 50
1789544803359 0.048 60
1789544809047 0.056 70
1789544814712 0.064 80
1789544820127 0.072 90
1789544825840 0.08 100
1789544831288 0.088 110
1789544836989 0.096 120
1789544842661 0.104 130
1789544848102 0.112 140
1789544853819 0.12 150
1789544859263 0.128 160
1789544864923 0.136 170
1789544870594 0.144 180
1789544876037 0.152 190
1789544881702 0.16 200
1789544887124 0.168 210
1789544892789 0.176 220
1789544898447 0.184 230
1789544903867 0.192 240
1789544909579 0.2 250
1789544915002 0.208 260
1789544920688 0.216 270
1789544926395 0.224 280
1789544931881 0.232 290
1789544937592 0.24 300
1789544943058 0.248 310
1789544948753 0.256 320
1789544954451 0.264 330
1789544959919 0.272 340
1789544965676 0.28 350
1789544971118 0.288 360
1789544976821 0.296 370
1789544982512 0.304 380
1789544987972 0.312 390
1789544993653 0.32 400
1789544999113 0.328 410
1789545004831 0.336 420
1789545010537 0.344 430
1789545016017 0.352 440
1789545021716 0.36 450
1789545027194 0.368 460
1789545032847 0.376 470
1789545038529 0.384 480
1789545043934 0.392 490
1789545049622 0.4 500
1789545055077 0.408 510
1789545060782 0.416 520
1789545066494 0.424 530
1789545071933 0.432 540
1789545077626 0.44 550
1789545083297 0.448 560
1789545088746 0.456 570
1789545094415 0.464 580
1789545099871 0.472 590
1789545105534 0.48 600
1789545111242 0.488 610
1789545116675 0.496 620
1789545122358 0.504 630
1789545127801 0.512 640
1789545133486 0.52 650
1789545139146 0.528 660
1789545144609 0.536 670
1789545150319 0.544 680
1789545155776 0.552 690
1789545161477 0.56 700
1789545167195 0.568 710
1789545172670 0.576 720
1789545178357 0.584 730
1789545183822 0.592 740
1789545189513 0.6 750
1789545195219 0.608 760
1789545200641 0.616 770
1789545206334 0.624 780
1789545211766 0.632 790
1789545217426 0.64 800
1789545223112 0.648 810
1789545228538 0.656 820
1789545234250 0.664 830
1789545239673 0.672 840
1789545245343 0.68 850
1789545251059 0.688 860
1789545256509 0.696 870
1789545262187 0.704 880
1789545267651 0.712 890
1789545273321 0.72 900
1789545279010 0.728 910
1789545284464 0.736 920
1789545290158 0.744 930
1789545295589 0.752 940
1789545301296 0.76 950
1789545306972 0.768 960
1789545312404 0.776 970
1789545318113 0.784 980
1789545323555 0.792 990
1789545329258 0.8 1000
1789545334919 0.808 1010
1789545340370 0.816 1020
1789545346039 0.824 1030
1789545351482 0.832 1040
1789545357168 0.84 1050
1789545362846 0.848 1060
1789545368280 0.856 1070
1789545373965 0.864 1080
1789545379652 0.872 1090
1789545385112 0.88 1100
1789545390810 0.888 1110
1789545396250 0.896 1120
1789545401943 0.904 1130
1789545407635 0.912 1140
1789545413080 0.92 1150
1789545418780 0.928 1160
1789545424247 0.936 1170
1789545429922 0.944 1180
1789545435611 0.952 1190
1789545441073 0.96 1200
1789545446759 0.968 1210
1789545452206 0.976 1220
1789545457922 0.984 1230
1789545463623 0.992 1240
1789545469111 1.0 1250
1789545475321 1.008 1260
1789545480787 1.016 1270
1789545486498 1.024 1280
1789545492236 1.032 1290
1789545497736 1.04 1300
1789545503453 1.048 1310
1789545508938 1.056 1320
1789545514629 1.064 1330
1789545520321 1.072 1340
1789545525784 1.08 1350
1789545531505 1.088 1360
1789545536956 1.096 1370
1789545542662 1.104 1380
1789545548352 1.112 1390
1789545553815 1.12 1400
1789545559513 1.1280000000000001 1410
1789545564989 1.1360000000000001 1420
1789545570691 1.144 1430
1789545576425 1.152 1440
1789545581915 1.16 1450
1789545587612 1.168 1460
1789545593054 1.176 1470
1789545598746 1.184 1480
1789545604814 1.192 1490
1789545610408 1.2 1500
1789545616203 1.208 1510
1789545621825 1.216 1520
1789545627789 1.224 1530
1789545633555 1.232 1540
1789545639073 1.24 1550
1789545644835 1.248 1560
1789545650350 1.256 1570
1789545656433 1.264 1580
1789545662273 1.272 1590
1789545667978 1.28 1600
1789545673922 1.288 1610
1789545679744 1.296 1620
1789545685273 1.304 1630
1789545691067 1.312 1640
1789545696601 1.32 1650
1789545702432 1.328 1660
1789545708306 1.336 1670
1789545714008 1.3439999999999999 1680
1789545720168 1.3519999999999999 1690
1789545725694 1.3599999999999999 1700
1789545731473 1.3679999999999999 1710
1789545737435 1.376 1720
1789545743007 1.384 1730
1789545748890 1.392 1740
1789545754494 1.4 1750
1789545760567 1.408 1760
1789545766603 1.416 1770
1789545772454 1.424 1780
1789545778286 1.432 1790
1789545784015 1.44 1800
1789545789942 1.448 1810
1789545795915 1.456 1820
1789545801795 1.464 1830
1789545808142 1.472 1840
1789545813866 1.48 1850
1789545820082 1.488 1860
1789545826202 1.496 1870
1789545831973 1.504 1880
1789545837898 1.512 1890
1789545843858 1.52 1900
1789545850191 1.528 1910
1789545856229 1.536 1920
1789545862043 1.544 1930
1789545867993 1.552 1940
1789545873708 1.56 1950
1789545879513 1.568 1960
1789545885356 1.576 1970
1789545890931 1.584 1980
1789545896729 1.592 1990
1789545902303 1.6 2000
1789545908118 1.608 2010
1789545913933 1.616 2020
1789545919495 1.624 2030
1789545925318 1.6320000000000001 2040
1789545930895 1.6400000000000001 2050
1789545936691 1.6480000000000001 2060
1789545942471 1.6560000000000001 2070
1789545947981 1.6640000000000001 2080
1789545953724 1.6720000000000002 2090
1789545959222 1.6800000000000002 2100
1789545964976 1.688 2110
1789545970718 1.696 2120
1789545976274 1.704 2130
1789545982062 1.712 2140
1789545987620 1.72 2150
1789545993366 1.728 2160
1789545999176 1.736 2170
1789546004780 1.744 2180
1789546010621 1.752 2190
1789546016218 1.76 2200
1789546022214 1.768 2210
1789546028158 1.776 2220
1789546034255 1.784 2230
1789546040087 1.792 2240
1789546045763 1.8 2250
1789546051728 1.808 2260
1789546057523 1.8159999999999998 2270
1789546063534 1.8239999999999998 2280
1789546069615 1.8319999999999999 2290
1789546075520 1.8399999999999999 2300
1789546081154 1.8479999999999999 2310
1789546086990 1.8559999999999999 2320
1789546092517 1.8639999999999999 2330
1789546098290 1.8719999999999999 2340
1789546104061 1.88 2350
1789546109598 1.888 2360
1789546115376 1.896 2370
1789546120944 1.904 2380
1789546126818 1.912 2390
1789546132626 1.92 2400
1789546138165 1.928 2410
1789546143967 1.936 2420
1789546149497 1.944 2430
1789546155258 1.952 2440
1789546161030 1.96 2450
1789546166544 1.968 2460
1789546172317 1.976 2470
1789546177881 1.984 2480
1789546183637 1.992 2490
1789546189447 2.0 2500
1789546195470 2.008 2510
1789546201232 2.016 2520
1789546206746 2.024 2530
1789546212497 2.032 2540
1789546218253 2.04 2550
1789546223750 2.048 2560
1789546229479 2.056 2570
1789546234988 2.064 2580
1789546240752 2.072 2590
1789546246517 2.08 2600
1789546252037 2.088 2610
1789546257797 2.096 2620
1789546263295 2.104 2630
1789546269005 2.112 2640
1789546274730 2.12 2650
1789546280202 2.128 2660
1789546285944 2.136 2670
1789546291442 2.144 2680
1789546297171 2.152 2690
1789546302930 2.16 2700
1789546308504 2.168 2710
1789546314320 2.176 2720
1789546319862 2.184 2730
1789546325693 2.192 2740
1789546331520 2.2 2750
1789546337066 2.208 2760
1789546342827 2.216 2770
1789546348326 2.224 2780
1789546354067 2.232 2790
1789546359862 2.24 2800
1789546365368 2.248 2810
1789546371148 2.2560000000000002 2820
1789546376963 2.2640000000000002 2830
1789546382528 2.2720000000000002 2840
1789546388326 2.2800000000000002 2850
1789546393896 2.288 2860
1789546399698 2.296 2870
1789546405441 2.304 2880
1789546410964 2.312 2890
1789546416705 2.32 2900
1789546422219 2.328 2910
1789546427965 2.336 2920
1789546433765 2.344 2930
1789546439276 2.352 2940
1789546445047 2.36 2950
1789546450571 2.368 2960
1789546456373 2.376 2970
1789546462150 2.384 2980
1789546467625 2.392 2990
1789546473382 2.4 3000
1789546478858 2.408 3010
1789546484613 2.416 3020
1789546490380 2.424 3030
1789546495894 2.432 3040
1789546501674 2.44 3050
1789546507185 2.448 3060
1789546512935 2.456 3070
1789546518708 2.464 3080
1789546524206 2.472 3090
1789546529942 2.48 3100
1789546535462 2.488 3110
1789546541212 2.496 3120
1789546546978 2.504 3130
1789546552547 2.512 3140
1789546558351 2.52 3150
1789546563877 2.528 3160
1789546569614 2.536 3170
1789546575353 2.544 3180
1789546580853 2.552 3190
1789546586615 2.56 3200
1789546592161 2.568 3210
1789546597909 2.576 3220
1789546603656 2.584 3230
1789546609154 2.592 3240
1789546614874 2.6 3250
1789546620401 2.608 3260
1789546626203 2.616 3270
1789546632013 2.624 3280
1789546637572 2.632 3290
1789546643415 2.64 3300
1789546648956 2.648 3310
1789546654754 2.656 3320
1789546660511 2.664 3330
1789546666113 2.672 3340
1789546671905 2.68 3350
1789546677713 2.6879999999999997 3360
1789546683237 2.6959999999999997 3370
1789546688982 2.7039999999999997 3380
1789546694494 2.7119999999999997 3390
1789546700320 2.7199999999999998 3400
1789546706087 2.7279999999999998 3410
1789546711631 2.7359999999999998 3420
1789546717416 2.7439999999999998 3430
1789546722882 2.752 3440
1789546728613 2.76 3450
1789546734339 2.768 3460
1789546739827 2.776 3470
1789546745557 2.784 3480
1789546751057 2.792 3490
1789546756810 2.8 3500
1789546762550 2.808 3510
1789546768056 2.816 3520
1789546773796 2.824 3530
1789546779282 2.832 3540
1789546784986 2.84 3550
1789546790718 2.848 3560
1789546796183 2.856 3570
1789546801918 2.864 3580
1789546807388 2.872 3590
1789546813094 2.88 3600
1789546818797 2.888 3610
1789546824258 2.896 3620
1789546829973 2.904 3630
1789546835475 2.912 3640
1789546841245 2.92 3650
1789546846951 2.928 3660
1789546852434 2.936 3670
1789546858156 2.944 3680
1789546863647 2.952 3690
1789546869343 2.96 3700
1789546875088 2.968 3710
1789546880543 2.976 3720
1789546886284 2.984 3730
1789546891764 2.992 3740
1789546897492 3.0 3750
1789546903814 3.008 3760
1789546909317 3.016 3770
1789546915069 3.024 3780
1789546920576 3.032 3790
1789546926308 3.04 3800
1789546932028 3.048 3810
1789546937569 3.056 3820
1789546943291 3.064 3830
1789546949114 3.072 3840
1789546954594 3.08 3850
1789546960408 3.088 3860
1789546965968 3.096 3870
1789546971729 3.104 3880
1789546977488 3.112 3890
1789546982992 3.12 3900
1789546988807 3.128 3910
1789546994333 3.136 3920
1789547000092 3.144 3930
1789547005869 3.152 3940
1789547011476 3.16 3950
1789547017270 3.168 3960
1789547022850 3.176 3970
1789547028695 3.184 3980
1789547034502 3.192 3990
1789547040082 3.2 4000
1789547045937 3.208 4010
1789547051507 3.216 4020
1789547057625 3.224 4030
1789547063411 3.232 4040
1789547068961 3.24 4050
1789547074804 3.248 4060
1789547080367 3.2560000000000002 4070
1789547086207 3.2640000000000002 4080
1789547092079 3.2720000000000002 4090
1789547097652 3.2800000000000002 4100
1789547103423 3.288 4110
1789547108958 3.296 4120
1789547114755 3.304 4130
1789547120527 3.312 4140
1789547126033 3.32 4150
1789547131832 3.328 4160
1789547137369 3.336 4170
1789547143143 3.344 4180
1789547148959 3.352 4190
1789547154501 3.36 4200
1789547160281 3.368 4210
1789547165818 3.376 4220
1789547171647 3.384 4230
1789547177423 3.392 4240
1789547182954 3.4 4250
1789547188739 3.408 4260
1789547194311 3.416 4270
1789547200111 3.424 4280
1789547205908 3.432 4290
1789547211509 3.44 4300
1789547217333 3.448 4310
1789547222848 3.456 4320
1789547228576 3.464 4330
1789547234309 3.472 4340
1789547239799 3.48 4350
1789547245530 3.488 4360
1789547251017 3.496 4370
1789547256762 3.504 4380
1789547262478 3.512 4390
1789547267992 3.52 4400
1789547273716 3.528 4410
1789547279217 3.536 4420
1789547284957 3.544 4430
1789547290697 3.552 4440
1789547296207 3.56 4450
1789547301941 3.568 4460
1789547307436 3.576 4470
1789547313152 3.584 4480
1789547318883 3.592 4490
1789547324375 3.6 4500
1789547330113 3.608 4510
1789547335840 3.616 4520
1789547341346 3.624 4530
1789547347077 3.632 4540
1789547352567 3.64 4550
1789547358318 3.648 4560
1789547364048 3.656 4570
1789547369560 3.664 4580
1789547375292 3.672 4590
1789547380804 3.68 4600
1789547386549 3.6879999999999997 4610
1789547392295 3.6959999999999997 4620
1789547397803 3.7039999999999997 4630
1789547403551 3.7119999999999997 4640
1789547409036 3.7199999999999998 4650
1789547414776 3.7279999999999998 4660
1789547420494 3.7359999999999998 4670
1789547425969 3.7439999999999998 4680
1789547431673 3.752 4690
1789547437155 3.76 4700
1789547442866 3.768 4710
1789547448589 3.776 4720
1789547454078 3.784 4730
1789547459806 3.792 4740
1789547465281 3.8 4750
1789547470999 3.808 4760
1789547476722 3.816 4770
1789547482179 3.824 4780
1789547487885 3.832 4790
1789547493348 3.84 4800
1789547499067 3.848 4810
1789547504792 3.856 4820
1789547510264 3.864 4830
1789547515981 3.872 4840
1789547521452 3.88 4850
1789547527184 3.888 4860
1789547532902 3.896 4870
1789547538387 3.904 4880
1789547544102 3.912 4890
1789547549585 3.92 4900
1789547555301 3.928 4910
1789547561007 3.936 4920
1789547566496 3.944 4930
1789547572218 3.952 4940
1789547577705 3.96 4950
1789547583437 3.968 4960
1789547589181 3.976 4970
1789547594662 3.984 4980
1789547600382 3.992 4990
1789547605879 4.0 5000
1789547612091 4.008 5010
1789547617828 4.016 5020
1789547623321 4.024 5030
1789547629052 4.032 5040
1789547634542 4.04 5050
1789547640274 4.048 5060
1789547646011 4.056 5070
1789547651493 4.064 5080
1789547657244 4.072 5090
1789547662725 4.08 5100
1789547668447 4.088 5110
1789547674176 4.096 5120
1789547679682 4.104 5130
1789547685401 4.112 5140
1789547690910 4.12 5150
1789547696634 4.128 5160
1789547702363 4.136 5170
1789547707883 4.144 5180
1789547713596 4.152 5190
1789547719330 4.16 5200
1789547724811 4.168 5210
1789547730541 4.176 5220
1789547736031 4.184 5230
1789547741755 4.192 5240
1789547747464 4.2 5250
1789547752927 4.208 5260
1789547758637 4.216 5270
1789547764123 4.224 5280
1789547769846 4.232 5290
1789547775574 4.24 5300
1789547781054 4.248 5310
1789547786782 4.256 5320
1789547792267 4.264 5330
1789547798002 4.272 5340
1789547803727 4.28 5350
1789547809195 4.288 5360
1789547814930 4.296 5370
1789547820394 4.304 5380
1789547826111 4.312 5390
1789547831827 4.32 5400
1789547837307 4.328 5410
1789547843024 4.336 5420
1789547848539 4.344 5430
1789547854278 4.352 5440
1789547860027 4.36 5450
1789547865524 4.368 5460
1789547871267 4.376 5470
1789547876746 4.384 5480
1789547882470 4.392 5490
1789547888197 4.4 5500
1789547893694 4.408 5510
1789547899433 4.416 5520
1789547904949 4.424 5530
1789547910704 4.432 5540
1789547916425 4.44 5550
1789547921923 4.448 5560
1789547927637 4.456 5570
1789547933139 4.464 5580
1789547938860 4.4719999999999995 5590
1789547944594 4.48 5600
1789547950071 4.4879999999999995 5610
1789547955804 4.496 5620
1789547961295 4.504 5630
1789547967017 4.5120000000000005 5640
1789547972740 4.52 5650
1789547978228 4.5280000000000005 5660
1789547983935 4.536 5670
1789547989371 4.5440000000000005 5680
1789547995035 4.552 5690
1789548000708 4.5600000000000005 5700
1789548006143 4.568 5710
1789548011802 4.576 5720
1789548017253 4.584 5730
1789548022889 4.592 5740
1789548028530 4.6 5750
1789548033943 4.608 5760
1789548039604 4.616 5770
1789548045013 4.624 5780
1789548050679 4.632 5790
1789548056351 4.64 5800
1789548061791 4.648 5810
1789548067449 4.656 5820
1789548072873 4.664 5830
1789548078537 4.672 5840
1789548084206 4.68 5850
1789548089629 4.688 5860
1789548095281 4.696 5870
1789548100947 4.704 5880
1789548106422 4.712 5890
1789548112160 4.72 5900
1789548117670 4.728 5910
1789548123396 4.736 5920
1789548129110 4.744 5930
1789548134611 4.752 5940
1789548140327 4.76 5950
1789548145822 4.768 5960
1789548151535 4.776 5970
1789548157261 4.784 5980
1789548162742 4.792 5990
1789548168461 4.8 6000
1789548173932 4.808 6010
1789548179652 4.816 6020
1789548185375 4.824 6030
1789548190861 4.832 6040
1789548196605 4.84 6050
1789548202096 4.848 6060
1789548207813 4.856 6070
1789548213553 4.864 6080
1789548219053 4.872 6090
1789548224766 4.88 6100
1789548230264 4.888 6110
1789548236004 4.896 6120
1789548241739 4.904 6130
1789548247224 4.912 6140
1789548252950 4.92 6150
1789548258444 4.928 6160
1789548264192 4.936 6170
1789548269928 4.944 6180
1789548275411 4.952 6190
1789548281167 4.96 6200
1789548286660 4.968 6210
1789548292419 4.976 6220
1789548298140 4.984 6230
1789548303649 4.992 6240
1789548309388 5.0 6250
1789548309846 5.0 6250
