1789544775328 8.482413291931152 10
1789544781067 5.393429279327393 20
1789544786761 3.68979549407959 30
1789544792218 1.6215060949325562 40
1789544797902 1.7127478122711182 50
1789544803359 1.6488183736801147 60
1789544809047 0.8076501488685608 70
1789544814712 0.934642493724823 80
1789544820127 1.0279922485351562 90
1789544825840 0.546288013458252 100
1789544831288 0.6147339940071106 110
1789544836989 0.4615749418735504 120
1789544842661 0.48857900500297546 130
1789544848102 0.27405330538749695 140
1789544853819 0.2697090208530426 150
1789544859263 0.21380813419818878 160
1789544864923 0.2981913089752197 170
1789544870594 0.19989755749702454 180
1789544876037 0.2028627097606659 190
1789544881702 0.28776201605796814 200
1789544887124 0.20224177837371826 210
1789544892789 0.22049742937088013 220
1789544898447 0.17074523866176605 230
1789544903867 0.17366749048233032 240
1789544909579 0.21499675512313843 250
1789544915002 0.19051949679851532 260
1789544920688 0.1792113035917282 270
1789544926395 0.17655649781227112 280
1789544931881 0.18863819539546967 290
1789544937592 0.21745462715625763 300
1789544943058 0.21297015249729156 310
1789544948753 0.190031960606575 320
1789544954451 0.18034674227237701 330
1789544959919 0.2021973878145218 340
1789544965676 0.20733854174613953 350
1789544971118 0.15602493286132812 360
1789544976821 0.2035009115934372 370
1789544982512 0.16177885234355927 380
1789544987972 0.20338277518749237 390
1789544993653 0.15720543265342712 400
1789544999113 0.1653243899345398 410
1789545004831 0.16366562247276306 420
1789545010537 0.15370239317417145 430
1789545016017 0.1700594276189804 440
1789545021716 0.14367900788784027 450
1789545027194 0.1350749433040619 460
1789545032847 0.20670078694820404 470
1789545038529 0.15380416810512543 480
1789545043934 0.16592854261398315 490
1789545049622 0.11469921469688416 500
1789545055077 0.18067297339439392 510
1789545060782 0.12469691038131714 520
1789545066494 0.15557101368904114 530
1789545071933 0.14784623682498932 540
1789545077626 0.1545470654964447 550
1789545083297 0.15906697511672974 560
1789545088746 0.1303052008152008 570
1789545094415 0.13261562585830688 580
1789545099871 0.14597353339195251 590
1789545105534 0.11667834967374802 600
1789545111242 0.13766740262508392 610
1789545116675 0.14999604225158691 620
1789545122358 0.17347396910190582 630
1789545127801 0.12850676476955414 640
1789545133486 0.16231229901313782 650
1789545139146 0.14641518890857697 660
1789545144609 0.12344393879175186 670
1789545150319 0.15404349565505981 680
1789545155776 0.142680361866951 690
1789545161477 0.13514405488967896 700
1789545167195 0.1152850091457367 710
1789545172670 0.14194068312644958 720
1789545178357 0.13290536403656006 730
1789545183822 0.1415460705757141 740
1789545189513 0.13052032887935638 750
1789545195219 0.14977134764194489 760
1789545200641 0.1322927325963974 770
1789545206334 0.11339064687490463 780
1789545211766 0.14371918141841888 790
1789545217426 0.12319409102201462 800
1789545223112 0.12592077255249023 810
1789545228538 0.19188818335533142 820
1789545234250 0.145291268825531 830
1789545239673 0.14725744724273682 840
1789545245343 0.1306077092885971 850
1789545251059 0.10713580250740051 860
1789545256509 0.1524953842163086 870
1789545262187 0.12908092141151428 880
1789545267651 0.1266125738620758 890
1789545273321 0.1219569519162178 900
1789545279010 0.13881126046180725 910
1789545284464 0.10433261841535568 920
1789545290158 0.12121832370758057 930
1789545295589 0.14454306662082672 940
1789545301296 0.12808631360530853 950
1789545306972 0.11917367577552795 960
1789545312404 0.12261416763067245 970
1789545318113 0.11282924562692642 980
1789545323555 0.14770802855491638 990
1789545329258 0.10068579763174057 1000
1789545334919 0.1149662509560585 1010
1789545340370 0.12342830747365952 1020
1789545346039 0.12639746069908142 1030
1789545351482 0.09393376857042313 1040
1789545357168 0.10647305846214294 1050
1789545362846 0.12438727170228958 1060
1789545368280 0.1549777388572693 1070
1789545373965 0.10626865178346634 1080
1789545379652 0.1609562486410141 1090
1789545385112 0.14110587537288666 1100
1789545390810 0.13064652681350708 1110
1789545396250 0.13606296479701996 1120
1789545401943 0.11024975776672363 1130
1789545407635 0.1286478340625763 1140
1789545413080 0.10674998909235 1150
1789545418780 0.10138420015573502 1160
1789545424247 0.1277996450662613 1170
1789545429922 0.15044862031936646 1180
1789545435611 0.11503858864307404 1190
1789545441073 0.11956114321947098 1200
1789545446759 0.12034482508897781 1210
1789545452206 0.13666465878486633 1220
1789545457922 0.11769349128007889 1230
1789545463623 0.12861554324626923 1240
1789545469111 0.11611303687095642 1250
1789545475321 0.13061167299747467 1260
1789545480787 0.09410307556390762 1270
1789545486498 0.12428820878267288 1280
1789545492236 0.09899316728115082 1290
1789545497736 0.1105913296341896 1300
1789545503453 0.12464919686317444 1310
1789545508938 0.12179525196552277 1320
1789545514629 0.10101962089538574 1330
1789545520321 0.10425284504890442 1340
1789545525784 0.11135659366846085 1350
1789545531505 0.13589777052402496 1360
1789545536956 0.08833089470863342 1370
1789545542662 0.11989449709653854 1380
1789545548352 0.1090206652879715 1390
1789545553815 0.12938480079174042 1400
1789545559513 0.11759129166603088 1410
1789545564989 0.1127672791481018 1420
1789545570691 0.0955025777220726 1430
1789545576425 0.100692018866539 1440
1789545581915 0.11736071109771729 1450
1789545587612 0.09201901406049728 1460
1789545593054 0.1140344887971878 1470
1789545598746 0.3467646539211273 1480
1789545604814 0.964342474937439 1490
1789545610408 2.0297131538391113 1500
1789545616203 0.585904598236084 1510
1789545621825 0.6581312417984009 1520
1789545627789 1.1278315782546997 1530
1789545633555 0.8314234614372253 1540
1789545639073 0.31796443462371826 1550
1789545644835 0.16872519254684448 1560
1789545650350 0.12065041065216064 1570
1789545656433 0.09507399052381516 1580
1789545662273 0.14226458966732025 1590
1789545667978 0.11205081641674042 1600
1789545673922 0.10987529903650284 1610
1789545679744 0.12393542379140854 1620
1789545685273 0.11101333796977997 1630
1789545691067 0.12354335188865662 1640
1789545696601 0.15305981040000916 1650
1789545702432 0.1304612010717392 1660
1789545708306 0.16950689256191254 1670
1789545714008 0.13168656826019287 1680
1789545720168 0.12855862081050873 1690
1789545725694 0.11266627907752991 1700
1789545731473 0.1573875993490219 1710
1789545737435 0.11042746901512146 1720
1789545743007 0.11459382623434067 1730
1789545748890 0.11143213510513306 1740
1789545754494 0.10133644938468933 1750
1789545760567 0.11950266361236572 1760
1789545766603 0.10367448627948761 1770
1789545772454 0.09956672042608261 1780
1789545778286 0.10233516991138458 1790
1789545784015 0.13599275052547455 1800
1789545789942 0.13109377026557922 1810
1789545795915 0.1005488857626915 1820
1789545801795 0.12255185842514038 1830
1789545808142 0.15711960196495056 1840
1789545813866 0.0959235429763794 1850
1789545820082 0.125830739736557 1860
1789545826202 0.09771952778100967 1870
1789545831973 0.09930579364299774 1880
1789545837898 0.10524888336658478 1890
1789545843858 0.11042550951242447 1900
1789545850191 0.09874808043241501 1910
1789545856229 0.10171137750148773 1920
1789545862043 0.10183298587799072 1930
1789545867993 0.09891562908887863 1940
1789545873708 0.1179804876446724 1950
1789545879513 0.09993207454681396 1960
1789545885356 0.11727187037467957 1970
1789545890931 0.13510219752788544 1980
1789545896729 0.11031411588191986 1990
1789545902303 0.10381688177585602 2000
1789545908118 0.0986684188246727 2010
1789545913933 0.08749118447303772 2020
1789545919495 0.10396721959114075 2030
1789545925318 0.10274825245141983 2040
1789545930895 0.09694117307662964 2050
1789545936691 0.12189970165491104 2060
1789545942471 0.09936974942684174 2070
1789545947981 0.10420640558004379 2080
1789545953724 0.096139095723629 2090
1789545959222 0.12584201991558075 2100
1789545964976 0.1063649132847786 2110
1789545970718 0.10569728910923004 2120
1789545976274 0.1379091441631317 2130
1789545982062 0.10849468410015106 2140
1789545987620 0.08920004963874817 2150
1789545993366 0.0824325680732727 2160
1789545999176 0.11996489763259888 2170
1789546004780 0.14944565296173096 2180
1789546010621 0.09232833236455917 2190
1789546016218 0.1239786297082901 2200
1789546022214 0.11603005975484848 2210
1789546028158 0.10521421581506729 2220
1789546034255 0.12531273066997528 2230
1789546040087 0.09590298682451248 2240
1789546045763 0.09915800392627716 2250
1789546051728 0.09168986976146698 2260
1789546057523 0.08754435181617737 2270
1789546063534 0.091446153819561 2280
1789546069615 0.12235024571418762 2290
1789546075520 0.10972689837217331 2300
1789546081154 0.09890902787446976 2310
1789546086990 0.09348700195550919 2320
1789546092517 0.08640778064727783 2330
1789546098290 0.08085089921951294 2340
1789546104061 0.09376394003629684 2350
1789546109598 0.13323010504245758 2360
1789546115376 0.08996445685625076 2370
1789546120944 0.11112983524799347 2380
1789546126818 0.09411214292049408 2390
1789546132626 0.08746051788330078 2400
1789546138165 0.0939154177904129 2410
1789546143967 0.09435815364122391 2420
1789546149497 0.09110498428344727 2430
1789546155258 0.12484189867973328 2440
1789546161030 0.10080824792385101 2450
1789546166544 0.1165437325835228 2460
1789546172317 0.09429343789815903 2470
1789546177881 0.11000242829322815 2480
1789546183637 0.08662426471710205 2490
1789546189447 0.09863980859518051 2500
1789546195470 0.09795995056629181 2510
1789546201232 0.08829203993082047 2520
1789546206746 0.08067992329597473 2530
1789546212497 0.10230878740549088 2540
1789546218253 0.09939649701118469 2550
1789546223750 0.08787132799625397 2560
1789546229479 0.07288824021816254 2570
1789546234988 0.09057604521512985 2580
1789546240752 0.08642521500587463 2590
1789546246517 0.08881748467683792 2600
1789546252037 0.14076140522956848 2610
1789546257797 0.12593932449817657 2620
1789546263295 0.09739337861537933 2630
1789546269005 0.09365769475698471 2640
1789546274730 0.08526952564716339 2650
1789546280202 0.15036088228225708 2660
1789546285944 0.11786146461963654 2670
1789546291442 0.11981191486120224 2680
1789546297171 0.09523624926805496 2690
1789546302930 0.10440215468406677 2700
1789546308504 0.08370938897132874 2710
1789546314320 0.11703132092952728 2720
1789546319862 0.10755044966936111 2730
1789546325693 0.11358746141195297 2740
1789546331520 0.10616850852966309 2750
1789546337066 0.08494194597005844 2760
1789546342827 0.1203823983669281 2770
1789546348326 0.10122603178024292 2780
1789546354067 0.08672118932008743 2790
1789546359862 0.09813831746578217 2800
1789546365368 0.09475366026163101 2810
1789546371148 0.09848291426897049 2820
1789546376963 0.09446729719638824 2830
1789546382528 0.09094614535570145 2840
1789546388326 0.11376101523637772 2850
1789546393896 0.1083339974284172 2860
1789546399698 0.12210763990879059 2870
1789546405441 0.10707026720046997 2880
1789546410964 0.1105620339512825 2890
1789546416705 0.09200266003608704 2900
1789546422219 0.11311699450016022 2910
1789546427965 0.13118943572044373 2920
1789546433765 0.09191793948411942 2930
1789546439276 0.10316377878189087 2940
1789546445047 0.10537669062614441 2950
1789546450571 0.11226040124893188 2960
1789546456373 0.12079057097434998 2970
1789546462150 0.09775374084711075 2980
1789546467625 0.09273882955312729 2990
1789546473382 0.09977857768535614 3000
1789546478858 0.0921412855386734 3010
1789546484613 0.1038767546415329 3020
1789546490380 0.10921712964773178 3030
1789546495894 0.10843497514724731 3040
1789546501674 0.08718366920948029 3050
1789546507185 0.09910203516483307 3060
1789546512935 0.11478914320468903 3070
1789546518708 0.10927390307188034 3080
1789546524206 0.08132370561361313 3090
1789546529942 0.08974068611860275 3100
1789546535462 0.0939657986164093 3110
1789546541212 0.09786538779735565 3120
1789546546978 0.09826748073101044 3130
1789546552547 0.08629085123538971 3140
1789546558351 0.10767806321382523 3150
1789546563877 0.11225137114524841 3160
1789546569614 0.09696990251541138 3170
1789546575353 0.08691512048244476 3180
1789546580853 0.16732321679592133 3190
1789546586615 0.0870489627122879 3200
1789546592161 0.10870921611785889 3210
1789546597909 0.10262517631053925 3220
1789546603656 0.10035666823387146 3230
1789546609154 0.0929805263876915 3240
1789546614874 0.1055641770362854 3250
1789546620401 0.09808798134326935 3260
1789546626203 0.09609952569007874 3270
1789546632013 0.07426390796899796 3280
1789546637572 0.10528446733951569 3290
1789546643415 0.10212993621826172 3300
1789546648956 0.08636678010225296 3310
1789546654754 0.09826700389385223 3320
1789546660511 0.10062887519598007 3330
1789546666113 0.09332223236560822 3340
1789546671905 0.10610755532979965 3350
1789546677713 0.10078468173742294 3360
1789546683237 0.09837809950113297 3370
1789546688982 0.08834429085254669 3380
1789546694494 0.10266073048114777 3390
1789546700320 0.09841194748878479 3400
1789546706087 0.0975499153137207 3410
1789546711631 0.08333021402359009 3420
1789546717416 0.09811972081661224 3430
1789546722882 0.07749984413385391 3440
1789546728613 0.09376958757638931 3450
1789546734339 0.11452079564332962 3460
1789546739827 0.10454023629426956 3470
1789546745557 0.10171729326248169 3480
1789546751057 0.11202117800712585 3490
1789546756810 0.08901629596948624 3500
1789546762550 0.11212114989757538 3510
1789546768056 0.10617230832576752 3520
1789546773796 0.09769965708255768 3530
1789546779282 0.08203984051942825 3540
1789546784986 0.09131469577550888 3550
1789546790718 0.1239619329571724 3560
1789546796183 0.08879265189170837 3570
1789546801918 0.08118858188390732 3580
1789546807388 0.09434827417135239 3590
1789546813094 0.1110394299030304 3600
1789546818797 0.097343809902668 3610
1789546824258 0.09792207926511765 3620
1789546829973 0.09679527580738068 3630
1789546835475 0.10597936064004898 3640
1789546841245 0.10145807266235352 3650
1789546846951 0.10280647873878479 3660
1789546852434 0.11225200444459915 3670
1789546858156 0.09812963753938675 3680
1789546863647 0.10063464939594269 3690
1789546869343 0.10362336784601212 3700
1789546875088 0.09709034860134125 3710
1789546880543 0.09568852931261063 3720
1789546886284 0.08270901441574097 3730
1789546891764 0.08957813680171967 3740
1789546897492 0.10587820410728455 3750
1789546903814 0.11262670904397964 3760
1789546909317 0.09647005051374435 3770
1789546915069 0.10625401139259338 3780
1789546920576 0.08747432380914688 3790
1789546926308 0.08694370090961456 3800
1789546932028 0.09117427468299866 3810
1789546937569 0.09836805611848831 3820
1789546943291 0.0799451470375061 3830
1789546949114 0.1300675868988037 3840
1789546954594 0.10560321062803268 3850
1789546960408 0.1177055835723877 3860
1789546965968 0.1171787902712822 3870
1789546971729 0.08926676958799362 3880
1789546977488 0.10429041087627411 3890
1789546982992 0.08696102350950241 3900
1789546988807 0.14542627334594727 3910
1789546994333 0.12817507982254028 3920
1789547000092 0.12026911973953247 3930
1789547005869 0.12287718057632446 3940
1789547011476 0.10853824019432068 3950
1789547017270 0.09027901291847229 3960
1789547022850 0.10979197174310684 3970
1789547028695 0.13424287736415863 3980
1789547034502 0.09915611147880554 3990
1789547040082 0.10437120497226715 4000
1789547045937 0.09672250598669052 4010
1789547051507 0.11063086986541748 4020
1789547057625 0.10480966418981552 4030
1789547063411 0.12023244798183441 4040
1789547068961 0.09778843820095062 4050
1789547074804 0.1061539426445961 4060
1789547080367 0.11023600399494171 4070
1789547086207 0.10079606622457504 4080
1789547092079 0.09381270408630371 4090
1789547097652 0.08898790180683136 4100
1789547103423 0.11380009353160858 4110
1789547108958 0.10854678601026535 4120
1789547114755 0.12370414286851883 4130
1789547120527 0.11253952980041504 4140
1789547126033 0.09107623249292374 4150
1789547131832 0.10587210953235626 4160
1789547137369 0.09387152642011642 4170
1789547143143 0.09578950703144073 4180
1789547148959 0.09737115353345871 4190
1789547154501 0.13180847465991974 4200
1789547160281 0.09005087614059448 4210
1789547165818 0.10209419578313828 4220
1789547171647 0.11183235049247742 4230
1789547177423 0.09861093014478683 4240
1789547182954 0.1022460088133812 4250
1789547188739 0.13277818262577057 4260
1789547194311 0.11294296383857727 4270
1789547200111 0.10221807658672333 4280
1789547205908 0.09622883051633835 4290
1789547211509 0.11429586261510849 4300
1789547217333 0.1047942116856575 4310
1789547222848 0.08816972374916077 4320
1789547228576 0.10250338166952133 4330
1789547234309 0.11086155474185944 4340
1789547239799 0.08124255388975143 4350
1789547245530 0.1055358275771141 4360
1789547251017 0.12301672250032425 4370
1789547256762 0.11583615839481354 4380
1789547262478 0.10034899413585663 4390
1789547267992 0.09532629698514938 4400
1789547273716 0.10214214771986008 4410
1789547279217 0.10148709267377853 4420
1789547284957 0.11238840222358704 4430
1789547290697 0.11857917159795761 4440
1789547296207 0.10314472019672394 4450
1789547301941 0.12126617133617401 4460
1789547307436 0.08628709614276886 4470
1789547313152 0.11225094646215439 4480
1789547318883 0.10897061228752136 4490
1789547324375 0.09579554945230484 4500
1789547330113 0.09785184264183044 4510
1789547335840 0.12032581120729446 4520
1789547341346 0.10822674632072449 4530
1789547347077 0.11624664813280106 4540
1789547352567 0.12100087106227875 4550
1789547358318 0.11070990562438965 4560
1789547364048 0.1477171629667282 4570
1789547369560 0.11904284358024597 4580
1789547375292 0.10668107867240906 4590
1789547380804 0.10837139934301376 4600
1789547386549 0.12017945200204849 4610
1789547392295 0.10376323014497757 4620
1789547397803 0.1162240207195282 4630
1789547403551 0.11493522673845291 4640
1789547409036 0.10941389203071594 4650
1789547414776 0.09198952466249466 4660
1789547420494 0.10967922955751419 4670
1789547425969 0.11650913208723068 4680
1789547431673 0.09110375493764877 4690
1789547437155 0.12304497510194778 4700
1789547442866 0.10752945393323898 4710
1789547448589 0.15094633400440216 4720
1789547454078 0.10758598148822784 4730
1789547459806 0.10353439301252365 4740
1789547465281 0.10608480125665665 4750
1789547470999 0.11549682915210724 4760
1789547476722 0.08691411465406418 4770
1789547482179 0.11411167681217194 4780
1789547487885 0.11409854143857956 4790
1789547493348 0.0979740247130394 4800
1789547499067 0.09060966223478317 4810
1789547504792 0.11316873133182526 4820
1789547510264 0.11164700984954834 4830
1789547515981 0.11226245760917664 4840
1789547521452 0.12949784100055695 4850
1789547527184 0.10189831256866455 4860
1789547532902 0.11417552083730698 4870
1789547538387 0.10841793566942215 4880
1789547544102 0.08705306053161621 4890
1789547549585 0.10729554295539856 4900
1789547555301 0.1129169911146164 4910
1789547561007 0.1022394448518753 4920
1789547566496 0.12898388504981995 4930
1789547572218 0.10377514362335205 4940
1789547577705 0.11042038351297379 4950
1789547583437 0.09390216320753098 4960
1789547589181 0.16012150049209595 4970
1789547594662 0.12416356056928635 4980
1789547600382 0.10385194420814514 4990
1789547605879 0.11894966661930084 5000
1789547612091 0.0951923057436943 5010
1789547617828 0.11115260422229767 5020
1789547623321 0.12033479660749435 5030
1789547629052 0.10253989696502686 5040
1789547634542 0.09010851383209229 5050
1789547640274 0.10018884390592575 5060
1789547646011 0.09386946260929108 5070
1789547651493 0.10452725738286972 5080
1789547657244 0.12400651723146439 5090
1789547662725 0.0953584685921669 5100
1789547668447 0.09286478906869888 5110
1789547674176 0.11200353503227234 5120
1789547679682 0.1106995940208435 5130
1789547685401 0.10578801482915878 5140
1789547690910 0.08961619436740875 5150
1789547696634 0.08790688216686249 5160
1789547702363 0.11380869150161743 5170
1789547707883 0.10509595274925232 5180
1789547713596 0.1117083728313446 5190
1789547719330 0.11503967642784119 5200
1789547724811 0.10683690011501312 5210
1789547730541 0.12632790207862854 5220
1789547736031 0.10482778400182724 5230
1789547741755 0.10958950221538544 5240
1789547747464 0.12309163808822632 5250
1789547752927 0.15608254075050354 5260
1789547758637 0.09018947929143906 5270
1789547764123 0.10856636613607407 5280
1789547769846 0.10570289939641953 5290
1789547775574 0.09275577962398529 5300
1789547781054 0.10501182079315186 5310
1789547786782 0.11340094357728958 5320
1789547792267 0.11513201892375946 5330
1789547798002 0.1253535896539688 5340
1789547803727 0.09334684908390045 5350
1789547809195 0.13739553093910217 5360
1789547814930 0.11830650269985199 5370
1789547820394 0.11419622600078583 5380
1789547826111 0.09901580959558487 5390
1789547831827 0.13004519045352936 5400
1789547837307 0.0971299409866333 5410
1789547843024 0.10563146322965622 5420
1789547848539 0.15242114663124084 5430
1789547854278 0.09743990004062653 5440
1789547860027 0.14195512235164642 5450
1789547865524 0.10527343302965164 5460
1789547871267 0.1039423793554306 5470
1789547876746 0.09604941308498383 5480
1789547882470 0.1388680338859558 5490
1789547888197 0.10841838270425797 5500
1789547893694 0.08660858124494553 5510
1789547899433 0.08899914473295212 5520
1789547904949 0.11242931336164474 5530
1789547910704 0.12612241506576538 5540
1789547916425 0.12478777021169662 5550
1789547921923 0.11755338311195374 5560
1789547927637 0.13251860439777374 5570
1789547933139 0.10805150866508484 5580
1789547938860 0.10106132924556732 5590
1789547944594 0.09037914127111435 5600
1789547950071 0.09124897420406342 5610
1789547955804 0.11751332879066467 5620
1789547961295 0.10059154778718948 5630
1789547967017 0.11119227111339569 5640
1789547972740 0.14890815317630768 5650
1789547978228 0.1169172078371048 5660
1789547983935 0.11961212754249573 5670
1789547989371 0.10340146720409393 5680
1789547995035 0.09188590943813324 5690
1789548000708 0.10276816040277481 5700
1789548006143 0.11986622214317322 5710
1789548011802 0.10672811418771744 5720
1789548017253 0.1240236908197403 5730
1789548022889 0.11670897901058197 5740
1789548028530 0.11814099550247192 5750
1789548033943 0.11548063158988953 5760
1789548039604 0.12478229403495789 5770
1789548045013 0.10539496690034866 5780
1789548050679 0.08812672644853592 5790
1789548056351 0.08951471000909805 5800
1789548061791 0.10174723714590073 5810
1789548067449 0.10696078836917877 5820
1789548072873 0.10285595804452896 5830
1789548078537 0.1333198994398117 5840
1789548084206 0.1215403825044632 5850
1789548089629 0.1143651083111763 5860
1789548095281 0.1264483779668808 5870
1789548100947 0.1090657114982605 5880
1789548106422 0.10549833625555038 5890
1789548112160 0.09859692305326462 5900
1789548117670 0.11155495792627335 5910
1789548123396 0.11166360974311829 5920
1789548129110 0.11409787088632584 5930
1789548134611 0.10958433896303177 5940
1789548140327 0.10669944435358047 5950
1789548145822 0.09534121304750443 5960
1789548151535 0.11400199681520462 5970
1789548157261 0.1072159931063652 5980
1789548162742 0.10169786214828491 5990
1789548168461 0.10219918191432953 6000
1789548173932 0.10403023660182953 6010
1789548179652 0.09589733928442001 6020
1789548185375 0.10501208156347275 6030
1789548190861 0.10023312270641327 6040
1789548196605 0.09952457994222641 6050
1789548202096 0.10580918192863464 6060
1789548207813 0.12494319677352905 6070
1789548213553 0.12070051580667496 6080
1789548219053 0.13676348328590393 6090
1789548224766 0.09207956492900848 6100
1789548230264 0.10373270511627197 6110
1789548236004 0.11997189372777939 6120
1789548241739 0.12171363830566406 6130
1789548247224 0.12038226425647736 6140
1789548252950 0.10471689701080322 6150
1789548258444 0.12653741240501404 6160
1789548264192 0.13243067264556885 6170
1789548269928 0.09971935302019119 6180
1789548275411 0.10996924340724945 6190
1789548281167 0.11270881444215775 6200
1789548286660 0.09881450235843658 6210
1789548292419 0.12485752254724503 6220
1789548298140 0.13129822909832 6230
1789548303649 0.10461149364709854 6240
1789548309388 0.10964392125606537 6250
