1789544775328 1.8e-05 10
1789544781067 3.8e-05 20
1789544786761 5.8e-05 30
1789544792218 7.800000000000001e-05 40
1789544797902 9.8e-05 50
1789544803359 0.000118 60
1789544809047 0.000138 70
1789544814712 0.00015800000000000002 80
1789544820127 0.00017800000000000002 90
1789544825840 0.00019800000000000002 100
1789544831288 0.0001999989431733117 110
1789544836989 0.00019999528997393152 120
1789544842661 0.00019998902744992197 130
1789544848102 0.00019998015576470037 140
1789544853819 0.0001999686751497687 150
1789544859263 0.00019995458590470758 160
1789544864923 0.00019993788839716846 170
1789544870594 0.00019991858306286404 180
1789544876037 0.00019989667040555689 190
1789544881702 0.0001998721509970463 200
1789544887124 0.00019984502547715338 210
1789544892789 0.00019981529455370431 220
1789544898447 0.00019978295900251197 230
1789544903867 0.00019974801966735566 240
1789544909579 0.00019971047745995888 250
1789544915002 0.00019967033335996592 260
1789544920688 0.00019962758841491596 270
1789544926395 0.00019958224374021596 280
1789544931881 0.00019953430051911138 290
1789544937592 0.00019948376000265543 300
1789544943058 0.00019943062350967638 310
1789544948753 0.00019937489242674315 320
1789544954451 0.00019931656820812904 330
1789544959919 0.00019925565237577405 340
1789544965676 0.0001991921465192448 350
1789544971118 0.00019912605229569327 360
1789544976821 0.00019905737142981354 370
1789544982512 0.00019898610571379686 380
1789544987972 0.00019891225700728463 390
1789544993653 0.00019883582723732014 400
1789544999113 0.00019875681839829812 410
1789545004831 0.00019867523255191275 420
1789545010537 0.0001985910718271039 430
1789545016017 0.00019850433842000159 440
1789545021716 0.00019841503459386848 450
1789545027194 0.00019832316267904111 460
1789545032847 0.0001982287250728689 470
1789545038529 0.00019813172423965159 480
1789545043934 0.0001980321627105751 490
1789545049622 0.0001979300430836452 500
1789545055077 0.00019782536802362012 510
1789545060782 0.0001977181402619405 520
1789545066494 0.0001976083625966586 530
1789545071933 0.00019749603789236497 540
1789545077626 0.00019738116908011387 550
1789545083297 0.00019726375915734662 560
1789545088746 0.0001971438111878136 570
1789545094415 0.0001970213283014942 580
1789545099871 0.000196896313694515 590
1789545105534 0.00019676877062906658 600
1789545111242 0.00019663870243331834 610
1789545116675 0.00019650611250133162 620
1789545122358 0.00019637100429297112 630
1789545127801 0.00019623338133381465 640
1789545133486 0.00019609324721506113 650
1789545139146 0.00019595060559343685 660
1789545144609 0.00019580546019110014 670
1789545150319 0.00019565781479554404 680
1789545155776 0.00019550767325949778 690
1789545161477 0.0001953550395008259 700
1789545167195 0.00019519991750242626 710
1789545172670 0.00019504231131212607 720
1789545178357 0.00019488222504257614 730
1789545183822 0.00019471966287114368 740
1789545189513 0.00019455462903980329 750
1789545195219 0.0001943871278550262 760
1789545200641 0.00019421716368766794 770
1789545206334 0.0001940447409728543 780
1789545211766 0.00019386986420986556 790
1789545217426 0.0001936925379620191 800
1789545223112 0.0001935127668565503 810
1789545228538 0.0001933305555844919 820
1789545234250 0.00019314590890055137 830
1789545239673 0.0001929588316229871 840
1789545245343 0.00019276932863348248 850
1789545251059 0.00019257740487701864 860
1789545256509 0.00019238306536174528 870
1789545262187 0.00019218631515885006 880
1789545267651 0.00019198715940242633 890
1789545273321 0.00019178560328933907 900
1789545279010 0.00019158165207908931 910
1789545284464 0.0001913753110936769 920
1789545290158 0.0001911665857174615 930
1789545295589 0.00019095548139702243 940
1789545301296 0.00019074200364101605 950
1789545306972 0.00019052615802003247 960
1789545312404 0.00019030795016644993 970
1789545318113 0.0001900873857742879 980
1789545323555 0.00018986447059905838 990
1789545329258 0.00018963921045761603 1000
1789545334919 0.000189411611228006 1010
1789545340370 0.00018918167884931077 1020
1789545346039 0.00018894941932149514 1030
1789545351482 0.00018871483870524966 1040
1789545357168 0.0001884779431218324 1050
1789545362846 0.00018823873875290935 1060
1789545368280 0.000187997231840393 1070
1789545373965 0.0001877534286862795 1080
1789545379652 0.00018750733565248433 1090
1789545385112 0.00018725895916067603 1100
1789545390810 0.00018700830569210884 1110
1789545396250 0.00018675538178745352 1120
1789545401943 0.0001865001940466267 1130
1789545407635 0.00018624274912861855 1140
1789545413080 0.0001859830537513192 1150
1789545418780 0.00018572111469134317 1160
1789545424247 0.0001854569387838529 1170
1789545429922 0.00018519053292238003 1180
1789545435611 0.00018492190405864576 1190
1789545441073 0.00018465105920237939 1200
1789545446759 0.00018437800542113532 1210
1789545452206 0.0001841027498401087 1220
1789545457922 0.00018382529964194955 1230
1789545463623 0.00018354566206657517 1240
1789545469111 0.0001832638444109814 1250
1789545475321 0.00018297985402905212 1260
1789545480787 0.00018269369833136736 1270
1789545486498 0.00018240538478500988 1280
1789545492236 0.00018211492091337042 1290
1789545497736 0.00018182231429595135 1300
1789545503453 0.00018152757256816878 1310
1789545508938 0.00018123070342115352 1320
1789545514629 0.00018093171460155017 1330
1789545520321 0.0001806306139113151 1340
1789545525784 0.0001803274092075129 1350
1789545531505 0.0001800221084021112 1360
1789545536956 0.0001797147194617744 1370
1789545542662 0.00017940525040765554 1380
1789545548352 0.0001790937093151873 1390
1789545553815 0.00017878010431387096 1400
1789545559513 0.00017846444358706455 1410
1789545564989 0.0001781467353717691 1420
1789545570691 0.00017782698795841385 1430
1789545576425 0.00017750520969063977 1440
1789545581915 0.00017718140896508188 1450
1789545587612 0.00017685559423115033 1460
1789545593054 0.00017652777399080957 1470
1789545598746 0.00017619795679835683 1480
1789545604814 0.00017586615126019873 1490
1789545610408 0.00017553236603462668 1500
1789545616203 0.000175196609831591 1510
1789545621825 0.00017485889141247366 1520
1789545627789 0.00017451921958985968 1530
1789545633555 0.000174177603227307 1540
1789545639073 0.00017383405123911537 1550
1789545644835 0.0001734885725900937 1560
1789545650350 0.0001731411762953261 1570
1789545656433 0.0001727918714199366 1580
1789545662273 0.00017244066707885266 1590
1789545667978 0.00017208757243656727 1600
1789545673922 0.00017173259670689994 1610
1789545679744 0.00017137574915275603 1620
1789545685273 0.00017101703908588528 1630
1789545691067 0.0001706564758666387 1640
1789545696601 0.00017029406890372426 1650
1789545702432 0.0001699298276539616 1660
1789545708306 0.000169563761622035 1670
1789545714008 0.0001691958803602455 1680
1789545720168 0.00016882619346826163 1690
1789545725694 0.00016845471059286887 1700
1789545731473 0.00016808144142771797 1710
1789545737435 0.00016770639571307195 1720
1789545743007 0.00016732958323555197 1730
1789545748890 0.0001669510138278819 1740
1789545754494 0.00016657069736863186 1750
1789545760567 0.00016618864378196033 1760
1789545766603 0.00016580486303735515 1770
1789545772454 0.00016541936514937358 1780
1789545778286 0.00016503216017738068 1790
1789545784015 0.00016464325822528712 1800
1789545789942 0.00016425266944128524 1810
1789545795915 0.00016386040401758444 1820
1789545801795 0.0001634664721901452 1830
1789545808142 0.00016307088423841184 1840
1789545813866 0.00016267365048504442 1850
1789545820082 0.00016227478129564934 1860
1789545826202 0.00016187428707850878 1870
1789545831973 0.0001614721782843093 1880
1789545837898 0.00016106846540586887 1890
1789545843858 0.00016066315897786323 1900
1789545850191 0.000160256269576551 1910
1789545856229 0.00015984780781949764 1920
1789545862043 0.00015943778436529836 1930
1789545867993 0.00015902620991330017 1940
1789545873708 0.00015861309520332238 1950
1789545879513 0.00015819845101537657 1960
1789545885356 0.00015778228816938538 1970
1789545890931 0.0001573646175248999 1980
1789545896729 0.00015694544998081647 1990
1789545902303 0.00015652479647509216 2000
1789545908118 0.00015610266798445963 2010
1789545913933 0.0001556790755241403 2020
1789545919495 0.0001552540301475572 2030
1789545925318 0.00015482754294604645 2040
1789545930895 0.0001543996250485678 2050
1789545936691 0.00015397028762141423 2060
1789545942471 0.0001535395418679207 2070
1789545947981 0.00015310739902817173 2080
1789545953724 0.00015267387037870786 2090
1789545959222 0.00015223896723223182 2100
1789545964976 0.00015180270093731303 2110
1789545970718 0.00015136508287809158 2120
1789545976274 0.0001509261244739811 2130
1789545982062 0.0001504858371793709 2140
1789545987620 0.0001500442324833269 2150
1789545993366 0.00014960132190929194 2160
1789545999176 0.00014915711701478512 2170
1789546004780 0.00014871162939110005 2180
1789546010621 0.00014826487066300263 2190
1789546016218 0.0001478168524884274 2200
1789546022214 0.0001473675865581736 2210
1789546028158 0.00014691708459559996 2220
1789546034255 0.00014646535835631885 2230
1789546040087 0.0001460124196278895 2240
1789546045763 0.0001455582802295104 2250
1789546051728 0.00014510295201171085 2260
1789546057523 0.00014464644685604182 2270
1789546063534 0.00014418877667476588 2280
1789546069615 0.0001437299534105462 2290
1789546075520 0.00014326998903613523 2300
1789546081154 0.00014280889555406197 2310
1789546086990 0.00014234668499631887 2320
1789546092517 0.00014188336942404803 2330
1789546098290 0.00014141896092722617 2340
1789546104061 0.0001409534716243494 2350
1789546109598 0.00014048691366211683 2360
1789546115376 0.00014001929921511367 2370
1789546120944 0.00013955064048549367 2380
1789546126818 0.0001390809497026604 2390
1789546132626 0.0001386102391229485 2400
1789546138165 0.00013813852102930355 2410
1789546143967 0.00013766580773096168 2420
1789546149497 0.00013719211156312848 2430
1789546155258 0.00013671744488665688 2440
1789546161030 0.00013624182008772478 2450
1789546166544 0.00013576524957751175 2460
1789546172317 0.00013528774579187524 2470
1789546177881 0.000134809321191026 2480
1789546183637 0.00013432998825920302 2490
1789546189447 0.0001338497595043476 2500
1789546195470 0.00013336864745777725 2510
1789546201232 0.00013288666467385833 2520
1789546206746 0.00013240382372967875 2530
1789546212497 0.0001319201372247196 2540
1789546218253 0.0001314356177805265 2550
1789546223750 0.00013095027804038006 2560
1789546229479 0.00013046413066896626 2570
1789546234988 0.00012997718835204566 2580
1789546240752 0.00012948946379612254 2590
1789546246517 0.00012900096972811334 2600
1789546252037 0.00012851171889501442 2610
1789546257797 0.0001280217240635696 2620
1789546263295 0.00012753099801993698 2630
1789546269005 0.00012703955356935514 2640
1789546274730 0.0001265474035358092 2650
1789546280202 0.00012605456076169612 2660
1789546285944 0.0001255610381074895 2670
1789546291442 0.000125066848451404 2680
1789546297171 0.00012457200468905956 2690
1789546302930 0.00012407651973314442 2700
1789546308504 0.0001235804065130786 2710
1789546314320 0.00012308367797467633 2720
1789546319862 0.0001225863470798081 2730
1789546325693 0.0001220884268060628 2740
1789546331520 0.00012158993014640867 2750
1789546337066 0.00012109087010885454 2760
1789546342827 0.00012059125971611023 2770
1789546348326 0.00012009111200524683 2780
1789546354067 0.00011959044002735647 2790
1789546359862 0.00011908925684721172 2800
1789546365368 0.00011858757554292473 2810
1789546371148 0.00011808540920560589 2820
1789546376963 0.00011758277093902239 2830
1789546382528 0.000117079673859256 2840
1789546388326 0.00011657613109436112 2850
1789546393896 0.00011607215578402202 2860
1789546399698 0.00011556776107920996 2870
1789546405441 0.00011506296014184017 2880
1789546410964 0.00011455776614442828 2890
1789546416705 0.00011405219226974658 2900
1789546422219 0.00011354625171048008 2910
1789546427965 0.00011303995766888222 2920
1789546433765 0.00011253332335643043 2930
1789546439276 0.00011202636199348127 2940
1789546445047 0.00011151908680892551 2950
1789546450571 0.00011101151103984296 2960
1789546456373 0.00011050364793115702 2970
1789546462150 0.00010999551073528904 2980
1789546467625 0.0001094871127118126 2990
1789546473382 0.00010897846712710733 3000
1789546478858 0.00010846958725401292 3010
1789546484613 0.00010796048637148275 3020
1789546490380 0.00010745117776423713 3030
1789546495894 0.00010694167472241704 3040
1789546501674 0.00010643199054123698 3050
1789546507185 0.00010592213852063833 3060
1789546512935 0.00010541213196494201 3070
1789546518708 0.00010490198418250157 3080
1789546524206 0.0001043917084853557 3090
1789546529942 0.00010388131818888101 3100
1789546535462 0.00010337082661144453 3110
1789546541212 0.00010286024707405611 3120
1789546546978 0.00010234959290002093 3130
1789546552547 0.00010183887741459174 3140
1789546558351 0.00010132811394462116 3150
1789546563877 0.00010081731581821401 3160
1789546569614 0.00010030649636437939 3170
1789546575353 9.979566891268296e-05 3180
1789546580853 9.9284846792899e-05 3190
1789546586615 9.877404333466283e-05 3200
1789546592161 9.826327186712264e-05 3210
1789546597909 9.775254571859187e-05 3220
1789546603656 9.724187821620146e-05 3230
1789546609154 9.673128268555195e-05 3240
1789546614874 9.622077245036582e-05 3250
1789546620401 9.571036083213983e-05 3260
1789546626203 9.52000611497974e-05 3270
1789546632013 9.46898867193409e-05 3280
1789546637572 9.417985085350458e-05 3290
1789546643415 9.366996686140669e-05 3300
1789546648956 9.31602480482025e-05 3310
1789546654754 9.265070771473697e-05 3320
1789546660511 9.214135915719782e-05 3330
1789546666113 9.163221566676847e-05 3340
1789546671905 9.11232905292811e-05 3350
1789546677713 9.061459702487023e-05 3360
1789546683237 9.010614842762594e-05 3370
1789546688982 8.959795800524759e-05 3380
1789546694494 8.909003901869769e-05 3390
1789546700320 8.858240472185569e-05 3400
1789546706087 8.807506836117219e-05 3410
1789546711631 8.756804317532345e-05 3420
1789546717416 8.706134239486558e-05 3430
1789546722882 8.655497924188964e-05 3440
1789546728613 8.604896692967646e-05 3450
1789546734339 8.554331866235187e-05 3460
1789546739827 8.503804763454204e-05 3470
1789546745557 8.453316703102944e-05 3480
1789546751057 8.402869002640849e-05 3490
1789546756810 8.352462978474189e-05 3500
1789546762550 8.302099945921732e-05 3510
1789546768056 8.251781219180378e-05 3520
1789546773796 8.20150811129091e-05 3530
1789546779282 8.151281934103697e-05 3540
1789546784986 8.101103998244485e-05 3550
1789546790718 8.050975613080178e-05 3560
1789546796183 8.000898086684698e-05 3570
1789546801918 7.950872725804816e-05 3580
1789546807388 7.90090083582608e-05 3590
1789546813094 7.850983720738735e-05 3600
1789546818797 7.801122683103718e-05 3610
1789546824258 7.751319024018647e-05 3620
1789546829973 7.70157404308387e-05 3630
1789546835475 7.651889038368573e-05 3640
1789546841245 7.602265306376882e-05 3650
1789546846951 7.552704142014047e-05 3660
1789546852434 7.503206838552654e-05 3670
1789546858156 7.453774687598868e-05 3680
1789546863647 7.404408979058726e-05 3690
1789546869343 7.355111001104505e-05 3700
1789546875088 7.305882040141064e-05 3710
1789546880543 7.25672338077232e-05 3720
1789546886284 7.20763630576769e-05 3730
1789546891764 7.158622096028651e-05 3740
1789546897492 7.109682030555283e-05 3750
1789546903814 7.060817386412926e-05 3760
1789546909317 7.012029438698828e-05 3770
1789546915069 6.963319460508884e-05 3780
1789546920576 6.91468872290443e-05 3790
1789546926308 6.866138494879037e-05 3800
1789546932028 6.817670043325441e-05 3810
1789546937569 6.769284633002455e-05 3820
1789546943291 6.720983526501976e-05 3830
1789546949114 6.672767984216039e-05 3840
1789546954594 6.624639264303915e-05 3850
1789546960408 6.576598622659311e-05 3860
1789546965968 6.52864731287756e-05 3870
1789546971729 6.48078658622293e-05 3880
1789546977488 6.433017691595983e-05 3890
1789546982992 6.385341875500952e-05 3900
1789546988807 6.337760382013247e-05 3910
1789546994333 6.290274452746984e-05 3920
1789547000092 6.242885326822568e-05 3930
1789547005869 6.195594240834374e-05 3940
1789547011476 6.148402428818489e-05 3950
1789547017270 6.101311122220481e-05 3960
1789547022850 6.054321549863289e-05 3970
1789547028695 6.0074349379151553e-05 3980
1789547034502 5.960652509857614e-05 3990
1789547040082 5.913975486453586e-05 4000
1789547045937 5.867405085715505e-05 4010
1789547051507 5.820942522873547e-05 4020
1789547057625 5.774589010343909e-05 4030
1789547063411 5.728345757697188e-05 4040
1789547068961 5.682213971626795e-05 4050
1789547074804 5.636194855917483e-05 4060
1789547080367 5.590289611413937e-05 4070
1789547086207 5.5444994359894276e-05 4080
1789547092079 5.498825524514557e-05 4090
1789547097652 5.453269068826078e-05 4100
1789547103423 5.4078312576958105e-05 4110
1789547108958 5.362513276799586e-05 4120
1789547114755 5.31731630868635e-05 4130
1789547120527 5.2722415327472644e-05 4140
1789547126033 5.227290125184967e-05 4150
1789547131832 5.182463258982846e-05 4160
1789547137369 5.137762103874464e-05 4170
1789547143143 5.0931878263130086e-05 4180
1789547148959 5.0487415894408626e-05 4190
1789547154501 5.004424553059266e-05 4200
1789547160281 4.960237873598027e-05 4210
1789547165818 4.916182704085361e-05 4220
1789547171647 4.8722601941178114e-05 4230
1789547177423 4.8284714898302266e-05 4240
1789547182954 4.784817733865867e-05 4250
1789547188739 4.741300065346601e-05 4260
1789547194311 4.697919619843153e-05 4270
1789547200111 4.6546775293454833e-05 4280
1789547205908 4.611574922233266e-05 4290
1789547211509 4.568612923246415e-05 4300
1789547217333 4.5257926534557496e-05 4310
1789547222848 4.4831152302337495e-05 4320
1789547228576 4.440581767225386e-05 4330
1789547234309 4.3981933743190574e-05 4340
1789547239799 4.355951157617634e-05 4350
1789547245530 4.3138562194096045e-05 4360
1789547251017 4.271909658140294e-05 4370
1789547256762 4.2301125683832076e-05 4380
1789547262478 4.188466040811482e-05 4390
1789547267992 4.1469711621693984e-05 4400
1789547273716 4.1056290152440426e-05 4410
1789547279217 4.0644406788370545e-05 4420
1789547284957 4.023407227736461e-05 4430
1789547290697 3.982529732688636e-05 4440
1789547296207 3.941809260370374e-05 4450
1789547301941 3.901246873361032e-05 4460
1789547307436 3.8608436301148144e-05 4470
1789547313152 3.820600584933164e-05 4480
1789547318883 3.780518787937223e-05 4490
1789547324375 3.740599285040464e-05 4500
1789547330113 3.700843117921362e-05 4510
1789547335840 3.661251323996249e-05 4520
1789547341346 3.621824936392206e-05 4530
1789547347077 3.582564983920143e-05 4540
1789547352567 3.543472491047916e-05 4550
1789547358318 3.504548477873614e-05 4560
1789547364048 3.465793960098945e-05 4570
1789547369560 3.4272099490027165e-05 4580
1789547375292 3.388797451414454e-05 4590
1789547380804 3.350557469688125e-05 4600
1789547386549 3.312491001675997e-05 4610
1789547392295 3.274599040702577e-05 4620
1789547397803 3.236882575538707e-05 4630
1789547403551 3.199342590375759e-05 4640
1789547409036 3.1619800647999495e-05 4650
1789547414776 3.1247959737667784e-05 4660
1789547420494 3.0877912875756e-05 4670
1789547425969 3.0509669718442767e-05 4680
1789547431673 3.0143239874840158e-05 4690
1789547437155 2.977863290674262e-05 4700
1789547442866 2.9415858328377776e-05 4710
1789547448589 2.9054925606157835e-05 4720
1789547454078 2.8695844158432906e-05 4730
1789547459806 2.833862335524492e-05 4740
1789547465281 2.798327251808329e-05 4750
1789547470999 2.7629800919641768e-05 4760
1789547476722 2.727821778357621e-05 4770
1789547482179 2.6928532284264063e-05 4780
1789547487885 2.658075354656503e-05 4790
1789547493348 2.6234890645582798e-05 4800
1789547499067 2.5890952606428253e-05 4810
1789547504792 2.554894840398416e-05 4820
1789547510264 2.520888696267072e-05 4830
1789547515981 2.4870777156212797e-05 4840
1789547521452 2.453462780740845e-05 4850
1789547527184 2.420044768789855e-05 4860
1789547532902 2.386824551793797e-05 4870
1789547538387 2.3538029966168097e-05 4880
1789547544102 2.3209809649390434e-05 4890
1789547549585 2.288359313234203e-05 4900
1789547555301 2.2559388927471668e-05 4910
1789547561007 2.223720549471806e-05 4920
1789547566496 2.191705124128881e-05 4930
1789547572218 2.159893452144115e-05 4940
1789547577705 2.128286363626406e-05 4950
1789547583437 2.096884683346143e-05 4960
1789547589181 2.0656892307136956e-05 4970
1789547594662 2.0347008197580374e-05 4980
1789547600382 2.003920259105494e-05 4990
1789547605879 1.9733483519586415e-05 5000
1789547612091 1.9429858960753643e-05 5010
1789547617828 1.9128336837480153e-05 5020
1789547623321 1.8828925017827537e-05 5030
1789547629052 1.8531631314790188e-05 5040
1789547634542 1.823646348609127e-05 5050
1789547640274 1.794342923398047e-05 5060
1789547646011 1.7652536205032788e-05 5070
1789547651493 1.7363791989949252e-05 5080
1789547657244 1.7077204123358627e-05 5090
1789547662725 1.679278008362096e-05 5100
1789547668447 1.651052729263235e-05 5110
1789547674176 1.623045311563127e-05 5120
1789547679682 1.5952564861006425e-05 5130
1789547685401 1.567686978010604e-05 5140
1789547690910 1.540337506704862e-05 5150
1789547696634 1.5132087858535172e-05 5160
1789547702363 1.4863015233663113e-05 5170
1789547707883 1.4596164213741415e-05 5180
1789547713596 1.4331541762107391e-05 5190
1789547719330 1.4069154783945149e-05 5200
1789547724811 1.3809010126105205e-05 5210
1789547730541 1.3551114576925871e-05 5220
1789547736031 1.3295474866056257e-05 5230
1789547741755 1.3042097664280461e-05 5240
1789547747464 1.279098958334366e-05 5250
1789547752927 1.2542157175779456e-05 5260
1789547758637 1.229560693473899e-05 5270
1789547764123 1.2051345293821437e-05 5280
1789547769846 1.1809378626906176e-05 5290
1789547775574 1.1569713247986435e-05 5300
1789547781054 1.1332355411004513e-05 5310
1789547786782 1.1097311309688662e-05 5320
1789547792267 1.0864587077391397e-05 5330
1789547798002 1.0634188786929412e-05 5340
1789547803727 1.040612245042527e-05 5350
1789547809195 1.0180394019150353e-05 5360
1789547814930 9.95700938336963e-06 5370
1789547820394 9.735974372187973e-06 5380
1789547826111 9.517294753398064e-06 5390
1789547831827 9.300976233329795e-06 5400
1789547837307 9.087024456701454e-06 5410
1789547843024 8.875445006472427e-06 5420
1789547848539 8.666243403697439e-06 5430
1789547854278 8.459425107382579e-06 5440
1789547860027 8.254995514342755e-06 5450
1789547865524 8.05295995906098e-06 5460
1789547871267 7.853323713549021e-06 5470
1789547876746 7.656091987210024e-06 5480
1789547882470 7.4612699267023745e-06 5490
1789547888197 7.268862615805516e-06 5500
1789547893694 7.0788750752873165e-06 5510
1789547899433 6.891312262772942e-06 5520
1789547904949 6.706179072615582e-06 5530
1789547910704 6.523480335768717e-06 5540
1789547916425 6.343220819660034e-06 5550
1789547921923 6.1654052280670005e-06 5560
1789547927637 5.990038200994219e-06 5570
1789547933139 5.817124314552258e-06 5580
1789547938860 5.6466680808382356e-06 5590
1789547944594 5.478673947818181e-06 5600
1789547950071 5.313146299210825e-06 5610
1789547955804 5.150089454373308e-06 5620
1789547961295 4.9895076681884755e-06 5630
1789547967017 4.831405130953781e-06 5640
1789547972740 4.675785968271984e-06 5650
1789547978228 4.522654240943469e-06 5660
1789547983935 4.372013944860354e-06 5670
1789547989371 4.223869010902126e-06 5680
1789547995035 4.078223304833073e-06 5690
1789548000708 3.935080627201526e-06 5700
1789548006143 3.7944447132405526e-06 5710
1789548011802 3.656319232770511e-06 5720
1789548017253 3.5207077901033835e-06 5730
1789548022889 3.387613923948607e-06 5740
1789548028530 3.2570411073207685e-06 5750
1789548033943 3.1289927474490444e-06 5760
1789548039604 3.0034721856881943e-06 5770
1789548045013 2.8804826974314083e-06 5780
1789548050679 2.760027492024875e-06 5790
1789548056351 2.6421097126839712e-06 5800
1789548061791 2.5267324364112944e-06 5810
1789548067449 2.413898673916326e-06 5820
1789548072873 2.3036113695369066e-06 5830
1789548078537 2.1958734011623737e-06 5840
1789548084206 2.0906875801585015e-06 5850
1789548089629 1.9880566512940903e-06 5860
1789548095281 1.887983292669393e-06 5870
1789548100947 1.790470115646181e-06 5880
1789548106422 1.6955196647796768e-06 5890
1789548112160 1.6031344177520612e-06 5900
1789548117670 1.5133167853078833e-06 5910
1789548123396 1.4260691111911417e-06 5920
1789548129110 1.3413936720841346e-06 5930
1789548134611 1.2592926775479852e-06 5940
1789548140327 1.1797682699651092e-06 5950
1789548145822 1.1028225244831826e-06 5960
1789548151535 1.0284574489610622e-06 5970
1789548157261 9.566749839163836e-07 5980
1789548162742 8.874770024749013e-07 5990
1789548168461 8.208653103216502e-07 6000
1789548173932 7.56841645653783e-07 6010
1789548179652 6.954076791352404e-07 6020
1789548185375 6.365650138531409e-07 6030
1789548190861 5.803151852759813e-07 6040
1789548196605 5.266596612135021e-07 6050
1789548202096 4.755998417784735e-07 6060
1789548207813 4.2713705935008006e-07 6070
1789548213553 3.8127257853921573e-07 6080
1789548219053 3.380075961554319e-07 6090
1789548224766 2.973432411757626e-07 6100
1789548230264 2.5928057471520386e-07 6110
1789548236004 2.2382058999905754e-07 6120
1789548241739 1.9096421233704141e-07 6130
1789548247224 1.6071229909908614e-07 6140
1789548252950 1.3306563969299746e-07 6150
1789548258444 1.0802495554382841e-07 6160
1789548264192 8.55909000751276e-08 6170
1789548269928 6.576405869177516e-08 6180
1789548275411 4.8544948764794875e-08 6190
1789548281167 3.393401961785392e-08 6200
1789548286660 2.193165251545004e-08 6210
1789548292419 1.2538160653075004e-08 6220
1789548298140 5.753789148965627e-09 6230
1789548303649 1.5787150377422067e-09 6240
1789548309388 1.3047265767784922e-11 6250
