1789544775328 4.6284 10
1789544781067 3.5252 20
1789544786761 1.8753 30
1789544792218 0.7489 40
1789544797902 0.3472 50
1789544803359 0.2113 60
1789544809047 0.1425 70
1789544814712 0.1214 80
1789544820127 0.1096 90
1789544825840 0.0959 100
1789544831288 0.0994 110
1789544836989 0.0851 120
1789544842661 0.0865 130
1789544848102 0.0855 140
1789544853819 0.0867 150
1789544859263 0.0864 160
1789544864923 0.0786 170
1789544870594 0.0866 180
1789544876037 0.0783 190
1789544881702 0.0811 200
1789544887124 0.0798 210
1789544892789 0.0765 220
1789544898447 0.0694 230
1789544903867 0.0758 240
1789544909579 0.0817 250
1789544915002 0.081 260
1789544920688 0.081 270
1789544926395 0.078 280
1789544931881 0.0744 290
1789544937592 0.0792 300
1789544943058 0.0762 310
1789544948753 0.0771 320
1789544954451 0.079 330
1789544959919 0.0786 340
1789544965676 0.0774 350
1789544971118 0.0779 360
1789544976821 0.0802 370
1789544982512 0.0754 380
1789544987972 0.0799 390
1789544993653 0.0804 400
1789544999113 0.0822 410
1789545004831 0.0781 420
1789545010537 0.0759 430
1789545016017 0.0753 440
1789545021716 0.0731 450
1789545027194 0.0748 460
1789545032847 0.0782 470
1789545038529 0.0748 480
1789545043934 0.0795 490
1789545049622 0.0824 500
1789545055077 0.078 510
1789545060782 0.0741 520
1789545066494 0.0801 530
1789545071933 0.0761 540
1789545077626 0.0777 550
1789545083297 0.0731 560
1789545088746 0.0793 570
1789545094415 0.0775 580
1789545099871 0.0747 590
1789545105534 0.0769 600
1789545111242 0.0737 610
1789545116675 0.0751 620
1789545122358 0.0772 630
1789545127801 0.0729 640
1789545133486 0.0783 650
1789545139146 0.0749 660
1789545144609 0.0759 670
1789545150319 0.0782 680
1789545155776 0.0761 690
1789545161477 0.0752 700
1789545167195 0.0776 710
1789545172670 0.0764 720
1789545178357 0.0751 730
1789545183822 0.0746 740
1789545189513 0.0788 750
1789545195219 0.0754 760
1789545200641 0.0787 770
1789545206334 0.0789 780
1789545211766 0.0747 790
1789545217426 0.0774 800
1789545223112 0.0766 810
1789545228538 0.0758 820
1789545234250 0.0778 830
1789545239673 0.0739 840
1789545245343 0.0759 850
1789545251059 0.0734 860
1789545256509 0.0677 870
1789545262187 0.0796 880
1789545267651 0.0723 890
1789545273321 0.0699 900
1789545279010 0.0791 910
1789545284464 0.0731 920
1789545290158 0.0769 930
1789545295589 0.08 940
1789545301296 0.0725 950
1789545306972 0.0769 960
1789545312404 0.0733 970
1789545318113 0.0734 980
1789545323555 0.0781 990
1789545329258 0.0736 1000
1789545334919 0.0745 1010
1789545340370 0.0787 1020
1789545346039 0.0749 1030
1789545351482 0.0794 1040
1789545357168 0.0817 1050
1789545362846 0.0741 1060
1789545368280 0.0782 1070
1789545373965 0.0743 1080
1789545379652 0.0783 1090
1789545385112 0.0727 1100
1789545390810 0.0744 1110
1789545396250 0.075 1120
1789545401943 0.0752 1130
1789545407635 0.0787 1140
1789545413080 0.0747 1150
1789545418780 0.0745 1160
1789545424247 0.0737 1170
1789545429922 0.0766 1180
1789545435611 0.0795 1190
1789545441073 0.0764 1200
1789545446759 0.0777 1210
1789545452206 0.0745 1220
1789545457922 0.0743 1230
1789545463623 0.077 1240
1789545469111 0.0753 1250
1789545475321 0.0778 1260
1789545480787 0.074 1270
1789545486498 0.0702 1280
1789545492236 0.0788 1290
1789545497736 0.0697 1300
1789545503453 0.075 1310
1789545508938 0.0722 1320
1789545514629 0.0747 1330
1789545520321 0.0709 1340
1789545525784 0.0746 1350
1789545531505 0.0793 1360
1789545536956 0.0754 1370
1789545542662 0.0772 1380
1789545548352 0.0727 1390
1789545553815 0.0698 1400
1789545559513 0.0734 1410
1789545564989 0.0777 1420
1789545570691 0.0733 1430
1789545576425 0.0741 1440
1789545581915 0.0753 1450
1789545587612 0.0729 1460
1789545593054 0.079 1470
1789545598746 0.0874 1480
1789545604814 0.1084 1490
1789545610408 0.1155 1500
1789545616203 0.1174 1510
1789545621825 0.1041 1520
1789545627789 0.0923 1530
1789545633555 0.0879 1540
1789545639073 0.0744 1550
1789545644835 0.0797 1560
1789545650350 0.0735 1570
1789545656433 0.0822 1580
1789545662273 0.0767 1590
1789545667978 0.0779 1600
1789545673922 0.0778 1610
1789545679744 0.0752 1620
1789545685273 0.0768 1630
1789545691067 0.0764 1640
1789545696601 0.0802 1650
1789545702432 0.0791 1660
1789545708306 0.0771 1670
1789545714008 0.0745 1680
1789545720168 0.0735 1690
1789545725694 0.0696 1700
1789545731473 0.078 1710
1789545737435 0.0796 1720
1789545743007 0.0716 1730
1789545748890 0.076 1740
1789545754494 0.0734 1750
1789545760567 0.0709 1760
1789545766603 0.0729 1770
1789545772454 0.074 1780
1789545778286 0.0769 1790
1789545784015 0.0775 1800
1789545789942 0.0774 1810
1789545795915 0.0738 1820
1789545801795 0.0786 1830
1789545808142 0.0744 1840
1789545813866 0.0721 1850
1789545820082 0.0734 1860
1789545826202 0.0736 1870
1789545831973 0.069 1880
1789545837898 0.0717 1890
1789545843858 0.0733 1900
1789545850191 0.0706 1910
1789545856229 0.0716 1920
1789545862043 0.0703 1930
1789545867993 0.0761 1940
1789545873708 0.0747 1950
1789545879513 0.0716 1960
1789545885356 0.0726 1970
1789545890931 0.0721 1980
1789545896729 0.0738 1990
1789545902303 0.0764 2000
1789545908118 0.076 2010
1789545913933 0.0755 2020
1789545919495 0.0759 2030
1789545925318 0.0756 2040
1789545930895 0.0739 2050
1789545936691 0.0769 2060
1789545942471 0.0808 2070
1789545947981 0.0735 2080
1789545953724 0.0725 2090
1789545959222 0.074 2100
1789545964976 0.0761 2110
1789545970718 0.0744 2120
1789545976274 0.0737 2130
1789545982062 0.0763 2140
1789545987620 0.0735 2150
1789545993366 0.0757 2160
1789545999176 0.0751 2170
1789546004780 0.075 2180
1789546010621 0.0774 2190
1789546016218 0.0765 2200
1789546022214 0.0732 2210
1789546028158 0.0738 2220
1789546034255 0.0719 2230
1789546040087 0.0784 2240
1789546045763 0.073 2250
1789546051728 0.0732 2260
1789546057523 0.0677 2270
1789546063534 0.0773 2280
1789546069615 0.0777 2290
1789546075520 0.0743 2300
1789546081154 0.0725 2310
1789546086990 0.0738 2320
1789546092517 0.0731 2330
1789546098290 0.0727 2340
1789546104061 0.0757 2350
1789546109598 0.0738 2360
1789546115376 0.0735 2370
1789546120944 0.0735 2380
1789546126818 0.0747 2390
1789546132626 0.0771 2400
1789546138165 0.0758 2410
1789546143967 0.072 2420
1789546149497 0.0745 2430
1789546155258 0.0713 2440
1789546161030 0.0754 2450
1789546166544 0.0729 2460
1789546172317 0.0759 2470
1789546177881 0.0754 2480
1789546183637 0.0721 2490
1789546189447 0.072 2500
1789546195470 0.0751 2510
1789546201232 0.0765 2520
1789546206746 0.0754 2530
1789546212497 0.0724 2540
1789546218253 0.0739 2550
1789546223750 0.0766 2560
1789546229479 0.0698 2570
1789546234988 0.0761 2580
1789546240752 0.0739 2590
1789546246517 0.0757 2600
1789546252037 0.0784 2610
1789546257797 0.0699 2620
1789546263295 0.0763 2630
1789546269005 0.0725 2640
1789546274730 0.0747 2650
1789546280202 0.0749 2660
1789546285944 0.0678 2670
1789546291442 0.0685 2680
1789546297171 0.075 2690
1789546302930 0.0735 2700
1789546308504 0.0755 2710
1789546314320 0.0725 2720
1789546319862 0.0714 2730
1789546325693 0.0725 2740
1789546331520 0.0787 2750
1789546337066 0.0687 2760
1789546342827 0.0745 2770
1789546348326 0.072 2780
1789546354067 0.0686 2790
1789546359862 0.0749 2800
1789546365368 0.0761 2810
1789546371148 0.0769 2820
1789546376963 0.0755 2830
1789546382528 0.0741 2840
1789546388326 0.0748 2850
1789546393896 0.0739 2860
1789546399698 0.0736 2870
1789546405441 0.0719 2880
1789546410964 0.07 2890
1789546416705 0.0765 2900
1789546422219 0.0767 2910
1789546427965 0.0751 2920
1789546433765 0.0759 2930
1789546439276 0.0733 2940
1789546445047 0.0805 2950
1789546450571 0.07 2960
1789546456373 0.0737 2970
1789546462150 0.0749 2980
1789546467625 0.0712 2990
1789546473382 0.0737 3000
1789546478858 0.0756 3010
1789546484613 0.0753 3020
1789546490380 0.0749 3030
1789546495894 0.0749 3040
1789546501674 0.0756 3050
1789546507185 0.0774 3060
1789546512935 0.0707 3070
1789546518708 0.0736 3080
1789546524206 0.0747 3090
1789546529942 0.072 3100
1789546535462 0.0705 3110
1789546541212 0.0726 3120
1789546546978 0.0737 3130
1789546552547 0.0719 3140
1789546558351 0.0691 3150
1789546563877 0.0748 3160
1789546569614 0.0737 3170
1789546575353 0.0757 3180
1789546580853 0.0745 3190
1789546586615 0.0727 3200
1789546592161 0.0723 3210
1789546597909 0.0701 3220
1789546603656 0.0748 3230
1789546609154 0.0762 3240
1789546614874 0.0689 3250
1789546620401 0.0725 3260
1789546626203 0.0763 3270
1789546632013 0.0717 3280
1789546637572 0.0766 3290
1789546643415 0.0744 3300
1789546648956 0.0711 3310
1789546654754 0.075 3320
1789546660511 0.0713 3330
1789546666113 0.0754 3340
1789546671905 0.0696 3350
1789546677713 0.0741 3360
1789546683237 0.0785 3370
1789546688982 0.0734 3380
1789546694494 0.0779 3390
1789546700320 0.0789 3400
1789546706087 0.0755 3410
1789546711631 0.0738 3420
1789546717416 0.0753 3430
1789546722882 0.0734 3440
1789546728613 0.0708 3450
1789546734339 0.0665 3460
1789546739827 0.0729 3470
1789546745557 0.0774 3480
1789546751057 0.0721 3490
1789546756810 0.0706 3500
1789546762550 0.0696 3510
1789546768056 0.0694 3520
1789546773796 0.0751 3530
1789546779282 0.0734 3540
1789546784986 0.077 3550
1789546790718 0.0751 3560
1789546796183 0.0736 3570
1789546801918 0.0767 3580
1789546807388 0.0696 3590
1789546813094 0.0698 3600
1789546818797 0.0732 3610
1789546824258 0.075 3620
1789546829973 0.0702 3630
1789546835475 0.0741 3640
1789546841245 0.0742 3650
1789546846951 0.0728 3660
1789546852434 0.073 3670
1789546858156 0.0774 3680
1789546863647 0.0718 3690
1789546869343 0.0734 3700
1789546875088 0.0764 3710
1789546880543 0.0753 3720
1789546886284 0.0749 3730
1789546891764 0.0725 3740
1789546897492 0.07 3750
1789546903814 0.0742 3760
1789546909317 0.0738 3770
1789546915069 0.0679 3780
1789546920576 0.0741 3790
1789546926308 0.075 3800
1789546932028 0.0773 3810
1789546937569 0.0747 3820
1789546943291 0.0762 3830
1789546949114 0.0764 3840
1789546954594 0.0726 3850
1789546960408 0.0729 3860
1789546965968 0.0717 3870
1789546971729 0.0782 3880
1789546977488 0.0715 3890
1789546982992 0.0724 3900
1789546988807 0.0728 3910
1789546994333 0.0715 3920
1789547000092 0.0792 3930
1789547005869 0.0764 3940
1789547011476 0.076 3950
1789547017270 0.0764 3960
1789547022850 0.0735 3970
1789547028695 0.0735 3980
1789547034502 0.0738 3990
1789547040082 0.0699 4000
1789547045937 0.0736 4010
1789547051507 0.0738 4020
1789547057625 0.0695 4030
1789547063411 0.0779 4040
1789547068961 0.0738 4050
1789547074804 0.071 4060
1789547080367 0.08 4070
1789547086207 0.0733 4080
1789547092079 0.0737 4090
1789547097652 0.0755 4100
1789547103423 0.0741 4110
1789547108958 0.0754 4120
1789547114755 0.0733 4130
1789547120527 0.0726 4140
1789547126033 0.0731 4150
1789547131832 0.0714 4160
1789547137369 0.0709 4170
1789547143143 0.0715 4180
1789547148959 0.0772 4190
1789547154501 0.0738 4200
1789547160281 0.0706 4210
1789547165818 0.0775 4220
1789547171647 0.0734 4230
1789547177423 0.0722 4240
1789547182954 0.0673 4250
1789547188739 0.0719 4260
1789547194311 0.0727 4270
1789547200111 0.0788 4280
1789547205908 0.0673 4290
1789547211509 0.0705 4300
1789547217333 0.0724 4310
1789547222848 0.0733 4320
1789547228576 0.0746 4330
1789547234309 0.0732 4340
1789547239799 0.0748 4350
1789547245530 0.0726 4360
1789547251017 0.0697 4370
1789547256762 0.0702 4380
1789547262478 0.0749 4390
1789547267992 0.0721 4400
1789547273716 0.0731 4410
1789547279217 0.0715 4420
1789547284957 0.0685 4430
1789547290697 0.0702 4440
1789547296207 0.0687 4450
1789547301941 0.0739 4460
1789547307436 0.0754 4470
1789547313152 0.0702 4480
1789547318883 0.0713 4490
1789547324375 0.0718 4500
1789547330113 0.0724 4510
1789547335840 0.0747 4520
1789547341346 0.0729 4530
1789547347077 0.0712 4540
1789547352567 0.0737 4550
1789547358318 0.0734 4560
1789547364048 0.0736 4570
1789547369560 0.0698 4580
1789547375292 0.0703 4590
1789547380804 0.0696 4600
1789547386549 0.0732 4610
1789547392295 0.0752 4620
1789547397803 0.0724 4630
1789547403551 0.0677 4640
1789547409036 0.0735 4650
1789547414776 0.0734 4660
1789547420494 0.0717 4670
1789547425969 0.0682 4680
1789547431673 0.0705 4690
1789547437155 0.0697 4700
1789547442866 0.075 4710
1789547448589 0.0747 4720
1789547454078 0.0742 4730
1789547459806 0.0726 4740
1789547465281 0.0713 4750
1789547470999 0.0751 4760
1789547476722 0.073 4770
1789547482179 0.0767 4780
1789547487885 0.0738 4790
1789547493348 0.0683 4800
1789547499067 0.0723 4810
1789547504792 0.0717 4820
1789547510264 0.0694 4830
1789547515981 0.0752 4840
1789547521452 0.0744 4850
1789547527184 0.0713 4860
1789547532902 0.0723 4870
1789547538387 0.079 4880
1789547544102 0.075 4890
1789547549585 0.0761 4900
1789547555301 0.0758 4910
1789547561007 0.0687 4920
1789547566496 0.0747 4930
1789547572218 0.0715 4940
1789547577705 0.0738 4950
1789547583437 0.0714 4960
1789547589181 0.0693 4970
1789547594662 0.0684 4980
1789547600382 0.0691 4990
1789547605879 0.0706 5000
1789547612091 0.0706 5010
1789547617828 0.0746 5020
1789547623321 0.0729 5030
1789547629052 0.0713 5040
1789547634542 0.0774 5050
1789547640274 0.0719 5060
1789547646011 0.0735 5070
1789547651493 0.0716 5080
1789547657244 0.0749 5090
1789547662725 0.0739 5100
1789547668447 0.0743 5110
1789547674176 0.0712 5120
1789547679682 0.0713 5130
1789547685401 0.0761 5140
1789547690910 0.0721 5150
1789547696634 0.0704 5160
1789547702363 0.0753 5170
1789547707883 0.0764 5180
1789547713596 0.0691 5190
1789547719330 0.0721 5200
1789547724811 0.0778 5210
1789547730541 0.0726 5220
1789547736031 0.0751 5230
1789547741755 0.0728 5240
1789547747464 0.076 5250
1789547752927 0.0709 5260
1789547758637 0.0745 5270
1789547764123 0.0725 5280
1789547769846 0.0773 5290
1789547775574 0.0703 5300
1789547781054 0.0766 5310
1789547786782 0.0696 5320
1789547792267 0.0732 5330
1789547798002 0.0752 5340
1789547803727 0.0721 5350
1789547809195 0.0702 5360
1789547814930 0.0755 5370
1789547820394 0.0752 5380
1789547826111 0.0716 5390
1789547831827 0.0711 5400
1789547837307 0.0709 5410
1789547843024 0.0726 5420
1789547848539 0.0729 5430
1789547854278 0.0756 5440
1789547860027 0.0708 5450
1789547865524 0.0737 5460
1789547871267 0.0711 5470
1789547876746 0.0675 5480
1789547882470 0.0679 5490
1789547888197 0.0741 5500
1789547893694 0.0724 5510
1789547899433 0.0727 5520
1789547904949 0.0704 5530
1789547910704 0.0701 5540
1789547916425 0.0694 5550
1789547921923 0.0671 5560
1789547927637 0.0699 5570
1789547933139 0.0735 5580
1789547938860 0.0737 5590
1789547944594 0.0738 5600
1789547950071 0.075 5610
1789547955804 0.0694 5620
1789547961295 0.0728 5630
1789547967017 0.074 5640
1789547972740 0.0696 5650
1789547978228 0.0711 5660
1789547983935 0.0726 5670
1789547989371 0.0704 5680
1789547995035 0.0686 5690
1789548000708 0.0703 5700
1789548006143 0.0667 5710
1789548011802 0.0713 5720
1789548017253 0.0749 5730
1789548022889 0.0709 5740
1789548028530 0.0717 5750
1789548033943 0.0772 5760
1789548039604 0.0731 5770
1789548045013 0.073 5780
1789548050679 0.0673 5790
1789548056351 0.0708 5800
1789548061791 0.0745 5810
1789548067449 0.0665 5820
1789548072873 0.0729 5830
1789548078537 0.0694 5840
1789548084206 0.0755 5850
1789548089629 0.0688 5860
1789548095281 0.0704 5870
1789548100947 0.0699 5880
1789548106422 0.0747 5890
1789548112160 0.0743 5900
1789548117670 0.0724 5910
1789548123396 0.0722 5920
1789548129110 0.0739 5930
1789548134611 0.0734 5940
1789548140327 0.0701 5950
1789548145822 0.075 5960
1789548151535 0.0712 5970
1789548157261 0.0695 5980
1789548162742 0.0739 5990
1789548168461 0.072 6000
1789548173932 0.075 6010
1789548179652 0.0723 6020
1789548185375 0.0724 6030
1789548190861 0.0741 6040
1789548196605 0.0728 6050
1789548202096 0.0732 6060
1789548207813 0.0706 6070
1789548213553 0.0742 6080
1789548219053 0.0765 6090
1789548224766 0.0728 6100
1789548230264 0.072 6110
1789548236004 0.0705 6120
1789548241739 0.0745 6130
1789548247224 0.0706 6140
1789548252950 0.0717 6150
1789548258444 0.0671 6160
1789548264192 0.0743 6170
1789548269928 0.0737 6180
1789548275411 0.0728 6190
1789548281167 0.0736 6200
1789548286660 0.0712 6210
1789548292419 0.0683 6220
1789548298140 0.0711 6230
1789548303649 0.0756 6240
1789548309388 0.0715 6250
