1789544775328 0.3916421100497246 10
1789544781067 0.4934312954545021 20
1789544786761 0.6674759984016418 30
1789544792218 0.8673286497592926 40
1789544797902 0.9307257622480393 50
1789544803359 0.9472824394702911 60
1789544809047 0.9623195707798005 70
1789544814712 0.9640873938798904 80
1789544820127 0.965460655093193 90
1789544825840 0.9730086952447892 100
1789544831288 0.9655225515365601 110
1789544836989 0.9739271312952041 120
1789544842661 0.9727512955665588 130
1789544848102 0.9719399273395538 140
1789544853819 0.9712388008832932 150
1789544859263 0.9726182788610458 160
1789544864923 0.9736637800931931 170
1789544870594 0.9710103183984756 180
1789544876037 0.9745288342237473 190
1789544881702 0.9718215823173523 200
1789544887124 0.9717875689268112 210
1789544892789 0.9728950947523117 220
1789544898447 0.9779142260551452 230
1789544903867 0.972275111079216 240
1789544909579 0.969992533326149 250
1789544915002 0.9715504467487335 260
1789544920688 0.9723233133554459 270
1789544926395 0.9728652566671372 280
1789544931881 0.9749948501586914 290
1789544937592 0.9710572123527527 300
1789544943058 0.9722816228866578 310
1789544948753 0.973752561211586 320
1789544954451 0.9711193948984146 330
1789544959919 0.9720268934965134 340
1789544965676 0.9703545361757279 350
1789544971118 0.9724314749240875 360
1789544976821 0.9738502949476242 370
1789544982512 0.974168398976326 380
1789544987972 0.9710048198699951 390
1789544993653 0.9718236356973649 400
1789544999113 0.9706139087677002 410
1789545004831 0.9728155374526978 420
1789545010537 0.971245962381363 430
1789545016017 0.974013727903366 440
1789545021716 0.9738990366458893 450
1789545027194 0.9731988191604615 460
1789545032847 0.9718174993991852 470
1789545038529 0.9736568868160248 480
1789545043934 0.9712116152048111 490
1789545049622 0.9690234452486038 500
1789545055077 0.9723622590303421 510
1789545060782 0.9730448514223099 520
1789545066494 0.971620985865593 530
1789545071933 0.972648286819458 540
1789545077626 0.9713539987802505 550
1789545083297 0.9756020277738571 560
1789545088746 0.9722608506679535 570
1789545094415 0.9721713274717331 580
1789545099871 0.9735943824052811 590
1789545105534 0.9723026812076568 600
1789545111242 0.9752131879329682 610
1789545116675 0.9724456191062927 620
1789545122358 0.9720064282417298 630
1789545127801 0.974222281575203 640
1789545133486 0.9718706488609314 650
1789545139146 0.9733105033636094 660
1789545144609 0.9731553822755814 670
1789545150319 0.9715000987052917 680
1789545155776 0.9721278101205826 690
1789545161477 0.9710688441991806 700
1789545167195 0.9729017108678818 710
1789545172670 0.9724572658538818 720
1789545178357 0.9740340441465378 730
1789545183822 0.9754105478525161 740
1789545189513 0.9719143897294998 750
1789545195219 0.9720436364412308 760
1789545200641 0.9735058426856995 770
1789545206334 0.9723862379789352 780
1789545211766 0.9734286159276963 790
1789545217426 0.9711679637432098 800
1789545223112 0.9719800293445587 810
1789545228538 0.9740431129932403 820
1789545234250 0.9723522543907166 830
1789545239673 0.9719872057437897 840
1789545245343 0.9721426874399185 850
1789545251059 0.9742427945137024 860
1789545256509 0.9741435796022415 870
1789545262187 0.9703025549650193 880
1789545267651 0.9741370886564255 890
1789545273321 0.9751531094312668 900
1789545279010 0.9700537890195846 910
1789545284464 0.9738843709230423 920
1789545290158 0.9715858548879623 930
1789545295589 0.9699123293161392 940
1789545301296 0.9753310084342957 950
1789545306972 0.9733379721641541 960
1789545312404 0.9746572464704514 970
1789545318113 0.9742291420698166 980
1789545323555 0.9696993798017501 990
1789545329258 0.9731659710407257 1000
1789545334919 0.9735272228717804 1010
1789545340370 0.9721740543842315 1020
1789545346039 0.9724310606718063 1030
1789545351482 0.9717106372117996 1040
1789545357168 0.9696629524230957 1050
1789545362846 0.9729069381952286 1060
1789545368280 0.9715842455625534 1070
1789545373965 0.9717386722564697 1080
1789545379652 0.9712519228458405 1090
1789545385112 0.9732410609722137 1100
1789545390810 0.973482272028923 1110
1789545396250 0.9707761406898499 1120
1789545401943 0.9705186247825622 1130
1789545407635 0.971706885099411 1140
1789545413080 0.973131600022316 1150
1789545418780 0.9725417494773865 1160
1789545424247 0.9738718539476394 1170
1789545429922 0.972904360294342 1180
1789545435611 0.9706639617681503 1190
1789545441073 0.9719662994146347 1200
1789545446759 0.9715409398078918 1210
1789545452206 0.973506560921669 1220
1789545457922 0.9738036900758743 1230
1789545463623 0.9738183081150055 1240
1789545469111 0.9728394478559494 1250
1789545475321 0.972585991024971 1260
1789545480787 0.9726798802614212 1270
1789545486498 0.9749867886304855 1280
1789545492236 0.9709375619888305 1290
1789545497736 0.9735438287258148 1300
1789545503453 0.9729308903217315 1310
1789545508938 0.9744019478559494 1320
1789545514629 0.9717002034187316 1330
1789545520321 0.9755262702703476 1340
1789545525784 0.9705090433359146 1350
1789545531505 0.9712579607963562 1360
1789545536956 0.9716007322072983 1370
1789545542662 0.9705967485904694 1380
1789545548352 0.9737257093191147 1390
1789545553815 0.9754584521055222 1400
1789545559513 0.9715978503227234 1410
1789545564989 0.9722284793853759 1420
1789545570691 0.9730519950389862 1430
1789545576425 0.9723207116127014 1440
1789545581915 0.9711823105812073 1450
1789545587612 0.9741162121295929 1460
1789545593054 0.9683922171592713 1470
1789545598746 0.9697427362203598 1480
1789545604814 0.9646795719861985 1490
1789545610408 0.9623459249734878 1500
1789545616203 0.9628517955541611 1510
1789545621825 0.9653719931840896 1520
1789545627789 0.9680853754281997 1530
1789545633555 0.9698432177305222 1540
1789545639073 0.974025672674179 1550
1789545644835 0.9724842101335526 1560
1789545650350 0.974279347062111 1570
1789545656433 0.9694343209266663 1580
1789545662273 0.9720094203948975 1590
1789545667978 0.971755889058113 1600
1789545673922 0.9729651510715485 1610
1789545679744 0.9723024725914001 1620
1789545685273 0.9726092725992203 1630
1789545691067 0.9729910075664521 1640
1789545696601 0.969922935962677 1650
1789545702432 0.9721104979515076 1660
1789545708306 0.9701574802398681 1670
1789545714008 0.9730119079351425 1680
1789545720168 0.9739428222179413 1690
1789545725694 0.9753909915685653 1700
1789545731473 0.9720150113105774 1710
1789545737435 0.971718966960907 1720
1789545743007 0.9759205102920532 1730
1789545748890 0.9723058134317398 1740
1789545754494 0.9730637431144714 1750
1789545760567 0.9747451931238175 1760
1789545766603 0.9740816086530686 1770
1789545772454 0.9728905022144317 1780
1789545778286 0.972760209441185 1790
1789545784015 0.9712977856397629 1800
1789545789942 0.9727648079395295 1810
1789545795915 0.9742723643779755 1820
1789545801795 0.9711143791675567 1830
1789545808142 0.973556661605835 1840
1789545813866 0.9735009223222733 1850
1789545820082 0.9732286483049393 1860
1789545826202 0.9745899170637131 1870
1789545831973 0.9744758248329163 1880
1789545837898 0.9745894849300385 1890
1789545843858 0.9746866762638092 1900
1789545850191 0.9755024194717408 1910
1789545856229 0.9726782888174057 1920
1789545862043 0.9733714789152146 1930
1789545867993 0.9722031980752945 1940
1789545873708 0.973540860414505 1950
1789545879513 0.9742944717407227 1960
1789545885356 0.9726150065660477 1970
1789545890931 0.9738295376300812 1980
1789545896729 0.9736973166465759 1990
1789545902303 0.9731718361377716 2000
1789545908118 0.9723854005336762 2010
1789545913933 0.9718118578195571 2020
1789545919495 0.9716133773326874 2030
1789545925318 0.9716236799955368 2040
1789545930895 0.9737338036298752 2050
1789545936691 0.9716417551040649 2060
1789545942471 0.970053544640541 2070
1789545947981 0.9732860326766968 2080
1789545953724 0.9740256518125534 2090
1789545959222 0.9739155650138855 2100
1789545964976 0.9728578597307205 2110
1789545970718 0.9715698510408401 2120
1789545976274 0.9741395771503448 2130
1789545982062 0.9716519981622695 2140
1789545987620 0.9718268305063248 2150
1789545993366 0.9728917986154556 2160
1789545999176 0.9716009974479676 2170
1789546004780 0.9729032009840012 2180
1789546010621 0.9716000914573669 2190
1789546016218 0.9722670167684555 2200
1789546022214 0.9723691582679749 2210
1789546028158 0.9739517360925675 2220
1789546034255 0.9737342208623886 2230
1789546040087 0.9718406409025192 2240
1789546045763 0.9713865399360657 2250
1789546051728 0.9741097152233124 2260
1789546057523 0.976018625497818 2270
1789546063534 0.9712900787591934 2280
1789546069615 0.9723172724246979 2290
1789546075520 0.9725973278284072 2300
1789546081154 0.9744771301746369 2310
1789546086990 0.9729913204908371 2320
1789546092517 0.9736912667751312 2330
1789546098290 0.9737616539001465 2340
1789546104061 0.9726130902767182 2350
1789546109598 0.9725482404232025 2360
1789546115376 0.9727828085422516 2370
1789546120944 0.9724408447742462 2380
1789546126818 0.9718458890914917 2390
1789546132626 0.9720559656620026 2400
1789546138165 0.9734170734882355 2410
1789546143967 0.9747669577598572 2420
1789546149497 0.9729427367448806 2430
1789546155258 0.9740808129310607 2440
1789546161030 0.9733188450336456 2450
1789546166544 0.9740687221288681 2460
1789546172317 0.9713177889585495 2470
1789546177881 0.9717416793107987 2480
1789546183637 0.9737888127565384 2490
1789546189447 0.9733074098825455 2500
1789546195470 0.9728469163179397 2510
1789546201232 0.9741978049278259 2520
1789546206746 0.971310093998909 2530
1789546212497 0.9742379695177078 2540
1789546218253 0.9731396406888961 2550
1789546223750 0.9722832798957824 2560
1789546229479 0.9729367643594742 2570
1789546234988 0.9723100006580353 2580
1789546240752 0.9741538286209106 2590
1789546246517 0.971306774020195 2600
1789546252037 0.9732642441987991 2610
1789546257797 0.9749155849218368 2620
1789546263295 0.9720218479633331 2630
1789546269005 0.9729720890522003 2640
1789546274730 0.9734310567378998 2650
1789546280202 0.9731782793998718 2660
1789546285944 0.976549506187439 2670
1789546291442 0.976206573843956 2680
1789546297171 0.9727740556001663 2690
1789546302930 0.9724665582180023 2700
1789546308504 0.9740238279104233 2710
1789546314320 0.9719835311174393 2720
1789546319862 0.9742165744304657 2730
1789546325693 0.9726405382156372 2740
1789546331520 0.971884548664093 2750
1789546337066 0.9752342820167541 2760
1789546342827 0.9725195854902268 2770
1789546348326 0.9723166942596435 2780
1789546354067 0.976091006398201 2790
1789546359862 0.9730977267026901 2800
1789546365368 0.9708263218402863 2810
1789546371148 0.971053808927536 2820
1789546376963 0.9699641197919846 2830
1789546382528 0.9735929697751999 2840
1789546388326 0.971802607178688 2850
1789546393896 0.9716364055871963 2860
1789546399698 0.9704690039157867 2870
1789546405441 0.9728192776441574 2880
1789546410964 0.9750602602958679 2890
1789546416705 0.9720289736986161 2900
1789546422219 0.9723016738891601 2910
1789546427965 0.9708138227462768 2920
1789546433765 0.971704313158989 2930
1789546439276 0.9730789959430695 2940
1789546445047 0.9682811468839645 2950
1789546450571 0.9746115952730179 2960
1789546456373 0.9728961706161499 2970
1789546462150 0.973891070485115 2980
1789546467625 0.9747509330511093 2990
1789546473382 0.972583818435669 3000
1789546478858 0.970438289642334 3010
1789546484613 0.9716256856918335 3020
1789546490380 0.9731440424919129 3030
1789546495894 0.9720733284950256 3040
1789546501674 0.9724825948476792 3050
1789546507185 0.9710192024707794 3060
1789546512935 0.9744049072265625 3070
1789546518708 0.9718230366706848 3080
1789546524206 0.9726189047098159 3090
1789546529942 0.9738315433263779 3100
1789546535462 0.9745367646217347 3110
1789546541212 0.9732239425182343 3120
1789546546978 0.9733874678611756 3130
1789546552547 0.9743910640478134 3140
1789546558351 0.9755146622657775 3150
1789546563877 0.9731701254844666 3160
1789546569614 0.9729731440544128 3170
1789546575353 0.9701756745576858 3180
1789546580853 0.9736559271812439 3190
1789546586615 0.9722430527210235 3200
1789546592161 0.9735980480909348 3210
1789546597909 0.9747195541858673 3220
1789546603656 0.9733571201562882 3230
1789546609154 0.9716785371303558 3240
1789546614874 0.9757696181535721 3250
1789546620401 0.9732493877410888 3260
1789546626203 0.9716692715883255 3270
1789546632013 0.9728918969631195 3280
1789546637572 0.9726256906986237 3290
1789546643415 0.9725206106901169 3300
1789546648956 0.9751950323581695 3310
1789546654754 0.9710462331771851 3320
1789546660511 0.9740073263645173 3330
1789546666113 0.971370878815651 3340
1789546671905 0.9736770123243332 3350
1789546677713 0.9731506198644638 3360
1789546683237 0.9700706779956818 3370
1789546688982 0.973784863948822 3380
1789546694494 0.9719916522502899 3390
1789546700320 0.9695182591676712 3400
1789546706087 0.9730634778738022 3410
1789546711631 0.9732775390148163 3420
1789546717416 0.9723043978214264 3430
1789546722882 0.9734825879335404 3440
1789546728613 0.9739601850509644 3450
1789546734339 0.9765896648168564 3460
1789546739827 0.9738710999488831 3470
1789546745557 0.9708209097385406 3480
1789546751057 0.9722688853740692 3490
1789546756810 0.9746191710233688 3500
1789546762550 0.9746463388204575 3510
1789546768056 0.975883013010025 3520
1789546773796 0.9718271344900131 3530
1789546779282 0.9743585079908371 3540
1789546784986 0.971286827325821 3550
1789546790718 0.9726396650075912 3560
1789546796183 0.9731533855199814 3570
1789546801918 0.973618921637535 3580
1789546807388 0.974136832356453 3590
1789546813094 0.974650451540947 3600
1789546818797 0.9732690274715423 3610
1789546824258 0.9726186871528626 3620
1789546829973 0.9734355330467224 3630
1789546835475 0.9730175942182541 3640
1789546841245 0.9728198260068893 3650
1789546846951 0.9736403703689576 3660
1789546852434 0.9742177605628968 3670
1789546858156 0.9720762550830842 3680
1789546863647 0.973873895406723 3690
1789546869343 0.9733702719211579 3700
1789546875088 0.9720709890127182 3710
1789546880543 0.9734311193227768 3720
1789546886284 0.973135706782341 3730
1789546891764 0.9731390655040741 3740
1789546897492 0.9730141669511795 3750
1789546903814 0.9742539256811142 3760
1789546909317 0.9746292322874069 3770
1789546915069 0.9746732085943222 3780
1789546920576 0.9725978374481201 3790
1789546926308 0.9721224516630173 3800
1789546932028 0.971883824467659 3810
1789546937569 0.9727544784545898 3820
1789546943291 0.971425449848175 3830
1789546949114 0.9715400546789169 3840
1789546954594 0.9741939574480056 3850
1789546960408 0.972980797290802 3860
1789546965968 0.9743808507919312 3870
1789546971729 0.9720105171203614 3880
1789546977488 0.9745031714439392 3890
1789546982992 0.9743113934993743 3900
1789546988807 0.9731677860021591 3910
1789546994333 0.9743646591901779 3920
1789547000092 0.9698887050151825 3930
1789547005869 0.9707186371088028 3940
1789547011476 0.9715155899524689 3950
1789547017270 0.9708774954080581 3960
1789547022850 0.9745239943265915 3970
1789547028695 0.9724307060241699 3980
1789547034502 0.9708752930164337 3990
1789547040082 0.9746659517288208 4000
1789547045937 0.9720685601234436 4010
1789547051507 0.973679906129837 4020
1789547057625 0.9749448508024215 4030
1789547063411 0.971829229593277 4040
1789547068961 0.9736502557992935 4050
1789547074804 0.9758290261030197 4060
1789547080367 0.9702612638473511 4070
1789547086207 0.9742531687021255 4080
1789547092079 0.972239026427269 4090
1789547097652 0.972521522641182 4100
1789547103423 0.9734774261713028 4110
1789547108958 0.9723925709724426 4120
1789547114755 0.9725491970777511 4130
1789547120527 0.9727610051631927 4140
1789547126033 0.9733332574367524 4150
1789547131832 0.9732224345207214 4160
1789547137369 0.972528338432312 4170
1789547143143 0.9739189505577087 4180
1789547148959 0.9711053609848023 4190
1789547154501 0.9714636653661728 4200
1789547160281 0.9740885466337204 4210
1789547165818 0.9714962631464005 4220
1789547171647 0.972553551197052 4230
1789547177423 0.9739549547433853 4240
1789547182954 0.9741345465183258 4250
1789547188739 0.9731012523174286 4260
1789547194311 0.972758549451828 4270
1789547200111 0.9697715252637863 4280
1789547205908 0.9752126455307006 4290
1789547211509 0.9739453703165054 4300
1789547217333 0.973600760102272 4310
1789547222848 0.9737207889556885 4320
1789547228576 0.9734108746051788 4330
1789547234309 0.9724599838256835 4340
1789547239799 0.9712354212999343 4350
1789547245530 0.9734085440635681 4360
1789547251017 0.9747804939746857 4370
1789547256762 0.9743668287992477 4380
1789547262478 0.9731054842472077 4390
1789547267992 0.9736991614103317 4400
1789547273716 0.9745613068342209 4410
1789547279217 0.9738239496946335 4420
1789547284957 0.9754112660884857 4430
1789547290697 0.9749765425920487 4440
1789547296207 0.9736022830009461 4450
1789547301941 0.9732381075620651 4460
1789547307436 0.9717160403728485 4470
1789547313152 0.9759056508541107 4480
1789547318883 0.9746425926685334 4490
1789547324375 0.9731308102607727 4500
1789547330113 0.9727200150489808 4510
1789547335840 0.9718147039413452 4520
1789547341346 0.9728532075881958 4530
1789547347077 0.9736660838127136 4540
1789547352567 0.9718277364969253 4550
1789547358318 0.9726357787847519 4560
1789547364048 0.9726494550704956 4570
1789547369560 0.9752594590187073 4580
1789547375292 0.9757529586553574 4590
1789547380804 0.9749251246452332 4600
1789547386549 0.9713040322065354 4610
1789547392295 0.9727479428052902 4620
1789547397803 0.9736900568008423 4630
1789547403551 0.9742215633392334 4640
1789547409036 0.9735469341278076 4650
1789547414776 0.9724918961524963 4660
1789547420494 0.9726766675710679 4670
1789547425969 0.9758519351482391 4680
1789547431673 0.9745290398597717 4690
1789547437155 0.9744706898927689 4700
1789547442866 0.9713926911354065 4710
1789547448589 0.9720174461603165 4720
1789547454078 0.9735592156648636 4730
1789547459806 0.9734183311462402 4740
1789547465281 0.9730114996433258 4750
1789547470999 0.9724452435970307 4760
1789547476722 0.9711781978607178 4770
1789547482179 0.9726354569196701 4780
1789547487885 0.9728114783763886 4790
1789547493348 0.9747401863336563 4800
1789547499067 0.9724453598260879 4810
1789547504792 0.9731318861246109 4820
1789547510264 0.9750883549451828 4830
1789547515981 0.9721762239933014 4840
1789547521452 0.9728824973106385 4850
1789547527184 0.9731287598609925 4860
1789547532902 0.9728334218263626 4870
1789547538387 0.9699060678482055 4880
1789547544102 0.9713843554258347 4890
1789547549585 0.9720599085092545 4900
1789547555301 0.9702689170837402 4910
1789547561007 0.9751306802034378 4920
1789547566496 0.9732022374868393 4930
1789547572218 0.9733135282993317 4940
1789547577705 0.9728818446397781 4950
1789547583437 0.9727185755968094 4960
1789547589181 0.9735700041055679 4970
1789547594662 0.9753079921007156 4980
1789547600382 0.974749144911766 4990
1789547605879 0.974412414431572 5000
1789547612091 0.9739349901676178 5010
1789547617828 0.9723534882068634 5020
1789547623321 0.9744678676128388 5030
1789547629052 0.9743132829666138 5040
1789547634542 0.9727078199386596 5050
1789547640274 0.972673088312149 5060
1789547646011 0.9729846835136413 5070
1789547651493 0.9749984264373779 5080
1789547657244 0.9724283635616302 5090
1789547662725 0.9711455225944519 5100
1789547668447 0.9734106004238129 5110
1789547674176 0.9749143123626709 5120
1789547679682 0.973834091424942 5130
1789547685401 0.9708911746740341 5140
1789547690910 0.9718869030475616 5150
1789547696634 0.9736212193965912 5160
1789547702363 0.9713807672262191 5170
1789547707883 0.9710269421339035 5180
1789547713596 0.9755500018596649 5190
1789547719330 0.9736695945262909 5200
1789547724811 0.9707545727491379 5210
1789547730541 0.9731774181127548 5220
1789547736031 0.9728037416934967 5230
1789547741755 0.9736328572034836 5240
1789547747464 0.9723986595869064 5250
1789547752927 0.9739304333925247 5260
1789547758637 0.9725567191839218 5270
1789547764123 0.9725340873003006 5280
1789547769846 0.9714011967182159 5290
1789547775574 0.9735535055398941 5300
1789547781054 0.9720909714698791 5310
1789547786782 0.9757211059331894 5320
1789547792267 0.972944438457489 5330
1789547798002 0.9703824877738952 5340
1789547803727 0.9724327027797699 5350
1789547809195 0.9753843158483505 5360
1789547814930 0.9710904061794281 5370
1789547820394 0.9706500232219696 5380
1789547826111 0.9730040460824967 5390
1789547831827 0.9744206249713898 5400
1789547837307 0.9732596337795257 5410
1789547843024 0.9736586302518845 5420
1789547848539 0.9741309583187103 5430
1789547854278 0.9713366240262985 5440
1789547860027 0.9745483875274659 5450
1789547865524 0.972677332162857 5460
1789547871267 0.9739977568387985 5470
1789547876746 0.9737946718931199 5480
1789547882470 0.9734202533960342 5490
1789547888197 0.9736598998308181 5500
1789547893694 0.974004378914833 5510
1789547899433 0.9721842586994172 5520
1789547904949 0.9733793944120407 5530
1789547910704 0.9731266885995865 5540
1789547916425 0.9731798499822617 5550
1789547921923 0.9762509852647782 5560
1789547927637 0.9743803292512894 5570
1789547933139 0.973268860578537 5580
1789547938860 0.9723807662725449 5590
1789547944594 0.9734006345272064 5600
1789547950071 0.9720589637756347 5610
1789547955804 0.9736181557178497 5620
1789547961295 0.9717503160238266 5630
1789547967017 0.9730382621288299 5640
1789547972740 0.9742379605770111 5650
1789547978228 0.9744906216859818 5660
1789547983935 0.9733424484729767 5670
1789547989371 0.9744347393512726 5680
1789547995035 0.9751201659440994 5690
1789548000708 0.9744697332382202 5700
1789548006143 0.9759354203939438 5710
1789548011802 0.9737593412399292 5720
1789548017253 0.9714837580919266 5730
1789548022889 0.9747824758291245 5740
1789548028530 0.9739480674266815 5750
1789548033943 0.970583239197731 5760
1789548039604 0.9732442677021027 5770
1789548045013 0.9715894043445588 5780
1789548050679 0.9735227167606354 5790
1789548056351 0.9728290975093842 5800
1789548061791 0.9730624765157699 5810
1789548067449 0.978267040848732 5820
1789548072873 0.9740718990564347 5830
1789548078537 0.9752308815717697 5840
1789548084206 0.9724384993314743 5850
1789548089629 0.974146592617035 5860
1789548095281 0.9729897737503052 5870
1789548100947 0.9734559744596482 5880
1789548106422 0.9731310933828354 5890
1789548112160 0.9731010943651199 5900
1789548117670 0.9726368457078933 5910
1789548123396 0.9739862680435181 5920
1789548129110 0.9734164595603942 5930
1789548134611 0.9720470041036606 5940
1789548140327 0.9747569888830185 5950
1789548145822 0.9722289800643921 5960
1789548151535 0.9745000451803207 5970
1789548157261 0.9738674938678742 5980
1789548162742 0.9738882809877396 5990
1789548168461 0.9748104006052017 6000
1789548173932 0.9725924342870712 6010
1789548179652 0.9731759428977966 6020
1789548185375 0.97279012799263 6030
1789548190861 0.9718185573816299 6040
1789548196605 0.9727813899517059 6050
1789548202096 0.9738409787416458 6060
1789548207813 0.9734945505857467 6070
1789548213553 0.9727810263633728 6080
1789548219053 0.9716599375009537 6090
1789548224766 0.9724192887544632 6100
1789548230264 0.9748796880245209 6110
1789548236004 0.9728255242109298 6120
1789548241739 0.9738829076290131 6130
1789548247224 0.9735690265893936 6140
1789548252950 0.9729695796966553 6150
1789548258444 0.9763889729976654 6160
1789548264192 0.9710569947957992 6170
1789548269928 0.9710112810134888 6180
1789548275411 0.9729135692119598 6190
1789548281167 0.9737951576709747 6200
1789548286660 0.9722279042005539 6210
1789548292419 0.9752474576234818 6220
1789548298140 0.9754047125577927 6230
1789548303649 0.970967149734497 6240
1789548309388 0.9740945637226105 6250
