1789544775328 6504.0 10
1789544781067 12923.0 20
1789544786761 19368.0 30
1789544792218 25819.0 40
1789544797902 32371.0 50
1789544803359 38804.0 60
1789544809047 45247.0 70
1789544814712 51709.0 80
1789544820127 58266.0 90
1789544825840 64656.0 100
1789544831288 71106.0 110
1789544836989 77451.0 120
1789544842661 83893.0 130
1789544848102 90336.0 140
1789544853819 96862.0 150
1789544859263 103327.0 160
1789544864923 109736.0 170
1789544870594 116198.0 180
1789544876037 122542.0 190
1789544881702 129023.0 200
1789544887124 135396.0 210
1789544892789 141815.0 220
1789544898447 148229.0 230
1789544903867 154704.0 240
1789544909579 161171.0 250
1789544915002 167681.0 260
1789544920688 174105.0 270
1789544926395 180507.0 280
1789544931881 186921.0 290
1789544937592 193387.0 300
1789544943058 199801.0 310
1789544948753 206258.0 320
1789544954451 212743.0 330
1789544959919 219172.0 340
1789544965676 225556.0 350
1789544971118 232054.0 360
1789544976821 238504.0 370
1789544982512 244901.0 380
1789544987972 251345.0 390
1789544993653 257752.0 400
1789544999113 264211.0 410
1789545004831 270641.0 420
1789545010537 277064.0 430
1789545016017 283509.0 440
1789545021716 289882.0 450
1789545027194 296369.0 460
1789545032847 302781.0 470
1789545038529 309210.0 480
1789545043934 315666.0 490
1789545049622 322165.0 500
1789545055077 328665.0 510
1789545060782 335086.0 520
1789545066494 341598.0 530
1789545071933 348053.0 540
1789545077626 354525.0 550
1789545083297 360939.0 560
1789545088746 367384.0 570
1789545094415 373847.0 580
1789545099871 380200.0 590
1789545105534 386633.0 600
1789545111242 393055.0 610
1789545116675 399506.0 620
1789545122358 405893.0 630
1789545127801 412319.0 640
1789545133486 418749.0 650
1789545139146 425194.0 660
1789545144609 431581.0 670
1789545150319 438134.0 680
1789545155776 444544.0 690
1789545161477 451037.0 700
1789545167195 457520.0 710
1789545172670 463962.0 720
1789545178357 470388.0 730
1789545183822 476862.0 740
1789545189513 483342.0 750
1789545195219 489764.0 760
1789545200641 496261.0 770
1789545206334 502745.0 780
1789545211766 509184.0 790
1789545217426 515620.0 800
1789545223112 522081.0 810
1789545228538 528541.0 820
1789545234250 534976.0 830
1789545239673 541379.0 840
1789545245343 547903.0 850
1789545251059 554295.0 860
1789545256509 560723.0 870
1789545262187 567217.0 880
1789545267651 573731.0 890
1789545273321 580196.0 900
1789545279010 586682.0 910
1789545284464 593085.0 920
1789545290158 599512.0 930
1789545295589 606057.0 940
1789545301296 612524.0 950
1789545306972 618956.0 960
1789545312404 625368.0 970
1789545318113 631737.0 980
1789545323555 638194.0 990
1789545329258 644653.0 1000
1789545334919 651152.0 1010
1789545340370 657679.0 1020
1789545346039 664200.0 1030
1789545351482 670688.0 1040
1789545357168 677185.0 1050
1789545362846 683638.0 1060
1789545368280 690112.0 1070
1789545373965 696551.0 1080
1789545379652 702980.0 1090
1789545385112 709447.0 1100
1789545390810 715883.0 1110
1789545396250 722313.0 1120
1789545401943 728778.0 1130
1789545407635 735239.0 1140
1789545413080 741732.0 1150
1789545418780 748152.0 1160
1789545424247 754577.0 1170
1789545429922 761060.0 1180
1789545435611 767574.0 1190
1789545441073 774023.0 1200
1789545446759 780450.0 1210
1789545452206 786930.0 1220
1789545457922 793374.0 1230
1789545463623 799824.0 1240
1789545469111 806326.0 1250
1789545475321 812773.0 1260
1789545480787 819170.0 1270
1789545486498 825554.0 1280
1789545492236 832059.0 1290
1789545497736 838504.0 1300
1789545503453 844920.0 1310
1789545508938 851395.0 1320
1789545514629 857859.0 1330
1789545520321 864282.0 1340
1789545525784 870670.0 1350
1789545531505 877176.0 1360
1789545536956 883654.0 1370
1789545542662 890053.0 1380
1789545548352 896511.0 1390
1789545553815 902868.0 1400
1789545559513 909351.0 1410
1789545564989 915868.0 1420
1789545570691 922281.0 1430
1789545576425 928682.0 1440
1789545581915 935145.0 1450
1789545587612 941597.0 1460
1789545593054 948082.0 1470
1789545598746 954490.0 1480
1789545604814 960991.0 1490
1789545610408 967446.0 1500
1789545616203 973867.0 1510
1789545621825 980298.0 1520
1789545627789 986782.0 1530
1789545633555 993251.0 1540
1789545639073 999686.0 1550
1789545644835 1006123.0 1560
1789545650350 1012513.0 1570
1789545656433 1019055.0 1580
1789545662273 1025552.0 1590
1789545667978 1032038.0 1600
1789545673922 1038461.0 1610
1789545679744 1044906.0 1620
1789545685273 1051390.0 1630
1789545691067 1057819.0 1640
1789545696601 1064333.0 1650
1789545702432 1070817.0 1660
1789545708306 1077289.0 1670
1789545714008 1083719.0 1680
1789545720168 1090140.0 1690
1789545725694 1096515.0 1700
1789545731473 1102970.0 1710
1789545737435 1109390.0 1720
1789545743007 1115770.0 1730
1789545748890 1122226.0 1740
1789545754494 1128630.0 1750
1789545760567 1135044.0 1760
1789545766603 1141514.0 1770
1789545772454 1147969.0 1780
1789545778286 1154437.0 1790
1789545784015 1160875.0 1800
1789545789942 1167396.0 1810
1789545795915 1173857.0 1820
1789545801795 1180313.0 1830
1789545808142 1186770.0 1840
1789545813866 1193281.0 1850
1789545820082 1199687.0 1860
1789545826202 1206081.0 1870
1789545831973 1212473.0 1880
1789545837898 1218835.0 1890
1789545843858 1225285.0 1900
1789545850191 1231700.0 1910
1789545856229 1238124.0 1920
1789545862043 1244573.0 1930
1789545867993 1251055.0 1940
1789545873708 1257518.0 1950
1789545879513 1263964.0 1960
1789545885356 1270382.0 1970
1789545890931 1276850.0 1980
1789545896729 1283307.0 1990
1789545902303 1289792.0 2000
1789545908118 1296234.0 2010
1789545913933 1302687.0 2020
1789545919495 1309157.0 2030
1789545925318 1315667.0 2040
1789545930895 1322083.0 2050
1789545936691 1328566.0 2060
1789545942471 1335094.0 2070
1789545947981 1341491.0 2080
1789545953724 1347882.0 2090
1789545959222 1354350.0 2100
1789545964976 1360835.0 2110
1789545970718 1367227.0 2120
1789545976274 1373664.0 2130
1789545982062 1380144.0 2140
1789545987620 1386568.0 2150
1789545993366 1393025.0 2160
1789545999176 1399448.0 2170
1789546004780 1405943.0 2180
1789546010621 1412459.0 2190
1789546016218 1418942.0 2200
1789546022214 1425395.0 2210
1789546028158 1431879.0 2220
1789546034255 1438305.0 2230
1789546040087 1444803.0 2240
1789546045763 1451277.0 2250
1789546051728 1457676.0 2260
1789546057523 1464156.0 2270
1789546063534 1470602.0 2280
1789546069615 1477054.0 2290
1789546075520 1483502.0 2300
1789546081154 1489952.0 2310
1789546086990 1496381.0 2320
1789546092517 1502802.0 2330
1789546098290 1509268.0 2340
1789546104061 1515771.0 2350
1789546109598 1522214.0 2360
1789546115376 1528664.0 2370
1789546120944 1535109.0 2380
1789546126818 1541571.0 2390
1789546132626 1548026.0 2400
1789546138165 1554518.0 2410
1789546143967 1560920.0 2420
1789546149497 1567471.0 2430
1789546155258 1573889.0 2440
1789546161030 1580296.0 2450
1789546166544 1586753.0 2460
1789546172317 1593291.0 2470
1789546177881 1599780.0 2480
1789546183637 1606187.0 2490
1789546189447 1612652.0 2500
1789546195470 1619092.0 2510
1789546201232 1625547.0 2520
1789546206746 1631996.0 2530
1789546212497 1638404.0 2540
1789546218253 1644875.0 2550
1789546223750 1651331.0 2560
1789546229479 1657744.0 2570
1789546234988 1664200.0 2580
1789546240752 1670645.0 2590
1789546246517 1677074.0 2600
1789546252037 1683604.0 2610
1789546257797 1690005.0 2620
1789546263295 1696471.0 2630
1789546269005 1702927.0 2640
1789546274730 1709394.0 2650
1789546280202 1715905.0 2660
1789546285944 1722235.0 2670
1789546291442 1728670.0 2680
1789546297171 1735107.0 2690
1789546302930 1741534.0 2700
1789546308504 1748029.0 2710
1789546314320 1754516.0 2720
1789546319862 1760943.0 2730
1789546325693 1767426.0 2740
1789546331520 1773990.0 2750
1789546337066 1780433.0 2760
1789546342827 1786924.0 2770
1789546348326 1793345.0 2780
1789546354067 1799733.0 2790
1789546359862 1806228.0 2800
1789546365368 1812664.0 2810
1789546371148 1819128.0 2820
1789546376963 1825654.0 2830
1789546382528 1832074.0 2840
1789546388326 1838532.0 2850
1789546393896 1844951.0 2860
1789546399698 1851419.0 2870
1789546405441 1857909.0 2880
1789546410964 1864349.0 2890
1789546416705 1870780.0 2900
1789546422219 1877209.0 2910
1789546427965 1883675.0 2920
1789546433765 1890135.0 2930
1789546439276 1896548.0 2940
1789546445047 1903047.0 2950
1789546450571 1909439.0 2960
1789546456373 1915924.0 2970
1789546462150 1922347.0 2980
1789546467625 1928759.0 2990
1789546473382 1935202.0 3000
1789546478858 1941627.0 3010
1789546484613 1948040.0 3020
1789546490380 1954554.0 3030
1789546495894 1960983.0 3040
1789546501674 1967402.0 3050
1789546507185 1973919.0 3060
1789546512935 1980298.0 3070
1789546518708 1986717.0 3080
1789546524206 1993186.0 3090
1789546529942 1999673.0 3100
1789546535462 2006009.0 3110
1789546541212 2012414.0 3120
1789546546978 2018860.0 3130
1789546552547 2025304.0 3140
1789546558351 2031667.0 3150
1789546563877 2038183.0 3160
1789546569614 2044649.0 3170
1789546575353 2051149.0 3180
1789546580853 2057580.0 3190
1789546586615 2063910.0 3200
1789546592161 2070310.0 3210
1789546597909 2076739.0 3220
1789546603656 2083183.0 3230
1789546609154 2089633.0 3240
1789546614874 2096053.0 3250
1789546620401 2102547.0 3260
1789546626203 2109009.0 3270
1789546632013 2115501.0 3280
1789546637572 2121962.0 3290
1789546643415 2128392.0 3300
1789546648956 2134814.0 3310
1789546654754 2141279.0 3320
1789546660511 2147677.0 3330
1789546666113 2154124.0 3340
1789546671905 2160584.0 3350
1789546677713 2167023.0 3360
1789546683237 2173529.0 3370
1789546688982 2180029.0 3380
1789546694494 2186536.0 3390
1789546700320 2193033.0 3400
1789546706087 2199451.0 3410
1789546711631 2205934.0 3420
1789546717416 2212403.0 3430
1789546722882 2218881.0 3440
1789546728613 2225298.0 3450
1789546734339 2231727.0 3460
1789546739827 2238193.0 3470
1789546745557 2244633.0 3480
1789546751057 2251008.0 3490
1789546756810 2257490.0 3500
1789546762550 2263939.0 3510
1789546768056 2270342.0 3520
1789546773796 2276816.0 3530
1789546779282 2283274.0 3540
1789546784986 2289748.0 3550
1789546790718 2296217.0 3560
1789546796183 2302730.0 3570
1789546801918 2309239.0 3580
1789546807388 2315683.0 3590
1789546813094 2322127.0 3600
1789546818797 2328515.0 3610
1789546824258 2334983.0 3620
1789546829973 2341454.0 3630
1789546835475 2347882.0 3640
1789546841245 2354385.0 3650
1789546846951 2360855.0 3660
1789546852434 2367277.0 3670
1789546858156 2373725.0 3680
1789546863647 2380205.0 3690
1789546869343 2386651.0 3700
1789546875088 2393148.0 3710
1789546880543 2399617.0 3720
1789546886284 2406090.0 3730
1789546891764 2412524.0 3740
1789546897492 2418978.0 3750
1789546903814 2425435.0 3760
1789546909317 2431846.0 3770
1789546915069 2438251.0 3780
1789546920576 2444676.0 3790
1789546926308 2451195.0 3800
1789546932028 2457673.0 3810
1789546937569 2464128.0 3820
1789546943291 2470676.0 3830
1789546949114 2477137.0 3840
1789546954594 2483630.0 3850
1789546960408 2490055.0 3860
1789546965968 2496482.0 3870
1789546971729 2502969.0 3880
1789546977488 2509394.0 3890
1789546982992 2515829.0 3900
1789546988807 2522270.0 3910
1789546994333 2528683.0 3920
1789547000092 2535189.0 3930
1789547005869 2541739.0 3940
1789547011476 2548208.0 3950
1789547017270 2554707.0 3960
1789547022850 2561162.0 3970
1789547028695 2567601.0 3980
1789547034502 2574081.0 3990
1789547040082 2580540.0 4000
1789547045937 2587021.0 4010
1789547051507 2593462.0 4020
1789547057625 2599891.0 4030
1789547063411 2606318.0 4040
1789547068961 2612784.0 4050
1789547074804 2619161.0 4060
1789547080367 2625690.0 4070
1789547086207 2632082.0 4080
1789547092079 2638554.0 4090
1789547097652 2645004.0 4100
1789547103423 2651481.0 4110
1789547108958 2657910.0 4120
1789547114755 2664350.0 4130
1789547120527 2670754.0 4140
1789547126033 2677267.0 4150
1789547131832 2683678.0 4160
1789547137369 2690070.0 4170
1789547143143 2696566.0 4180
1789547148959 2703063.0 4190
1789547154501 2709537.0 4200
1789547160281 2715934.0 4210
1789547165818 2722457.0 4220
1789547171647 2728936.0 4230
1789547177423 2735392.0 4240
1789547182954 2741799.0 4250
1789547188739 2748254.0 4260
1789547194311 2754672.0 4270
1789547200111 2761216.0 4280
1789547205908 2767624.0 4290
1789547211509 2774053.0 4300
1789547217333 2780529.0 4310
1789547222848 2787034.0 4320
1789547228576 2793461.0 4330
1789547234309 2799946.0 4340
1789547239799 2806440.0 4350
1789547245530 2812895.0 4360
1789547251017 2819307.0 4370
1789547256762 2825743.0 4380
1789547262478 2832204.0 4390
1789547267992 2838650.0 4400
1789547273716 2845122.0 4410
1789547279217 2851595.0 4420
1789547284957 2858089.0 4430
1789547290697 2864479.0 4440
1789547296207 2870908.0 4450
1789547301941 2877350.0 4460
1789547307436 2883851.0 4470
1789547313152 2890265.0 4480
1789547318883 2896706.0 4490
1789547324375 2903141.0 4500
1789547330113 2909585.0 4510
1789547335840 2916067.0 4520
1789547341346 2922559.0 4530
1789547347077 2928998.0 4540
1789547352567 2935505.0 4550
1789547358318 2941965.0 4560
1789547364048 2948435.0 4570
1789547369560 2954882.0 4580
1789547375292 2961314.0 4590
1789547380804 2967731.0 4600
1789547386549 2974162.0 4610
1789547392295 2980653.0 4620
1789547397803 2987102.0 4630
1789547403551 2993553.0 4640
1789547409036 2999924.0 4650
1789547414776 3006372.0 4660
1789547420494 3012790.0 4670
1789547425969 3019214.0 4680
1789547431673 3025604.0 4690
1789547437155 3032093.0 4700
1789547442866 3038590.0 4710
1789547448589 3045017.0 4720
1789547454078 3051521.0 4730
1789547459806 3057951.0 4740
1789547465281 3064383.0 4750
1789547470999 3070832.0 4760
1789547476722 3077245.0 4770
1789547482179 3083704.0 4780
1789547487885 3090117.0 4790
1789547493348 3096510.0 4800
1789547499067 3102884.0 4810
1789547504792 3109337.0 4820
1789547510264 3115661.0 4830
1789547515981 3122161.0 4840
1789547521452 3128673.0 4850
1789547527184 3135091.0 4860
1789547532902 3141490.0 4870
1789547538387 3148039.0 4880
1789547544102 3154482.0 4890
1789547549585 3160953.0 4900
1789547555301 3167420.0 4910
1789547561007 3173833.0 4920
1789547566496 3180309.0 4930
1789547572218 3186775.0 4940
1789547577705 3193213.0 4950
1789547583437 3199669.0 4960
1789547589181 3206050.0 4970
1789547594662 3212445.0 4980
1789547600382 3218888.0 4990
1789547605879 3225304.0 5000
1789547612091 3231751.0 5010
1789547617828 3238221.0 5020
1789547623321 3244677.0 5030
1789547629052 3251087.0 5040
1789547634542 3257613.0 5050
1789547640274 3264007.0 5060
1789547646011 3270518.0 5070
1789547651493 3276978.0 5080
1789547657244 3283425.0 5090
1789547662725 3289860.0 5100
1789547668447 3296367.0 5110
1789547674176 3302762.0 5120
1789547679682 3309289.0 5130
1789547685401 3315742.0 5140
1789547690910 3322239.0 5150
1789547696634 3328619.0 5160
1789547702363 3335110.0 5170
1789547707883 3341608.0 5180
1789547713596 3348054.0 5190
1789547719330 3354468.0 5200
1789547724811 3360934.0 5210
1789547730541 3367381.0 5220
1789547736031 3373803.0 5230
1789547741755 3380234.0 5240
1789547747464 3386771.0 5250
1789547752927 3393197.0 5260
1789547758637 3399670.0 5270
1789547764123 3406119.0 5280
1789547769846 3412613.0 5290
1789547775574 3419062.0 5300
1789547781054 3425551.0 5310
1789547786782 3431974.0 5320
1789547792267 3438458.0 5330
1789547798002 3444884.0 5340
1789547803727 3451313.0 5350
1789547809195 3457758.0 5360
1789547814930 3464262.0 5370
1789547820394 3470766.0 5380
1789547826111 3477239.0 5390
1789547831827 3483638.0 5400
1789547837307 3490025.0 5410
1789547843024 3496507.0 5420
1789547848539 3502886.0 5430
1789547854278 3509381.0 5440
1789547860027 3515825.0 5450
1789547865524 3522297.0 5460
1789547871267 3528738.0 5470
1789547876746 3535174.0 5480
1789547882470 3541632.0 5490
1789547888197 3548109.0 5500
1789547893694 3554620.0 5510
1789547899433 3561127.0 5520
1789547904949 3567553.0 5530
1789547910704 3573937.0 5540
1789547916425 3580348.0 5550
1789547921923 3586772.0 5560
1789547927637 3593208.0 5570
1789547933139 3599709.0 5580
1789547938860 3606151.0 5590
1789547944594 3612626.0 5600
1789547950071 3619096.0 5610
1789547955804 3625514.0 5620
1789547961295 3631961.0 5630
1789547967017 3638468.0 5640
1789547972740 3644868.0 5650
1789547978228 3651276.0 5660
1789547983935 3657713.0 5670
1789547989371 3664169.0 5680
1789547995035 3670617.0 5690
1789548000708 3677029.0 5700
1789548006143 3683408.0 5710
1789548011802 3689820.0 5720
1789548017253 3696298.0 5730
1789548022889 3702746.0 5740
1789548028530 3709187.0 5750
1789548033943 3715673.0 5760
1789548039604 3722117.0 5770
1789548045013 3728558.0 5780
1789548050679 3734961.0 5790
1789548056351 3741464.0 5800
1789548061791 3748029.0 5810
1789548067449 3754412.0 5820
1789548072873 3760884.0 5830
1789548078537 3767322.0 5840
1789548084206 3773794.0 5850
1789548089629 3780156.0 5860
1789548095281 3786601.0 5870
1789548100947 3793010.0 5880
1789548106422 3799475.0 5890
1789548112160 3805977.0 5900
1789548117670 3812426.0 5910
1789548123396 3818910.0 5920
1789548129110 3825376.0 5930
1789548134611 3831791.0 5940
1789548140327 3838194.0 5950
1789548145822 3844704.0 5960
1789548151535 3851157.0 5970
1789548157261 3857516.0 5980
1789548162742 3863982.0 5990
1789548168461 3870442.0 6000
1789548173932 3876921.0 6010
1789548179652 3883329.0 6020
1789548185375 3889755.0 6030
1789548190861 3896236.0 6040
1789548196605 3902713.0 6050
1789548202096 3909204.0 6060
1789548207813 3915648.0 6070
1789548213553 3922139.0 6080
1789548219053 3928624.0 6090
1789548224766 3935109.0 6100
1789548230264 3941504.0 6110
1789548236004 3947923.0 6120
1789548241739 3954398.0 6130
1789548247224 3960896.0 6140
1789548252950 3967289.0 6150
1789548258444 3973629.0 6160
1789548264192 3980052.0 6170
1789548269928 3986502.0 6180
1789548275411 3992991.0 6190
1789548281167 3999480.0 6200
1789548286660 4005933.0 6210
1789548292419 4012292.0 6220
1789548298140 4018695.0 6230
1789548303649 4025195.0 6240
1789548309388 4031630.0 6250
