1789544011054 2.0922704875469207 10
1789544016780 2.165129816532135 20
1789544022505 1.9613771736621857 30
1789544027958 1.0408544331789016 40
1789544033649 0.4963243305683136 50
1789544039097 0.2613718703389168 60
1789544044817 0.17480433583259583 70
1789544050514 0.1525315023958683 80
1789544055974 0.12422899194061757 90
1789544061678 0.10067832060158252 100
1789544067134 0.11462394185364247 110
1789544072858 0.0882101770490408 120
1789544078599 0.09036801941692829 130
1789544084049 0.08879504296928645 140
1789544089802 0.09284243546426296 150
1789544095266 0.08490225840359926 160
1789544101012 0.0834976438432932 170
1789544106747 0.08888563439249993 180
1789544112215 0.08101662881672382 190
1789544117910 0.08484008200466633 200
1789544123358 0.08009172026067972 210
1789544129021 0.07696588337421417 220
1789544134699 0.07512008026242256 230
1789544140144 0.08176747057586908 240
1789544145809 0.08189266491681338 250
1789544151263 0.08158989492803811 260
1789544156935 0.08038007616996765 270
1789544162639 0.08176956549286843 280
1789544168074 0.07388356570154428 290
1789544173755 0.08323837965726852 300
1789544179206 0.08020641729235649 310
1789544184915 0.07598766535520554 320
1789544190590 0.08268119934946298 330
1789544196049 0.07949545178562403 340
1789544201725 0.08026029132306575 350
1789544207169 0.07966366466134786 360
1789544212840 0.07484483756124974 370
1789544218525 0.07894102334976197 380
1789544223974 0.08081418219953776 390
1789544229665 0.08325669709593057 400
1789544235116 0.08697556313127279 410
1789544240794 0.08123718202114105 420
1789544246502 0.07885236460715532 430
1789544251968 0.07173314969986677 440
1789544257675 0.07581236083060502 450
1789544263141 0.07992774806916714 460
1789544268853 0.07773337792605162 470
1789544274567 0.07424680814146996 480
1789544280049 0.08081782422959805 490
1789544285747 0.08480812907218933 500
1789544291455 0.08101702500134707 510
1789544296920 0.07500780243426561 520
1789544302618 0.07958101108670235 530
1789544308082 0.07785879857838154 540
1789544313796 0.07872548718005419 550
1789544319506 0.07398891095072031 560
1789544324985 0.07668883167207241 570
1789544330701 0.07828288655728102 580
1789544336172 0.07319678738713264 590
1789544341888 0.0784493500366807 600
1789544347591 0.0753209725022316 610
1789544353071 0.07687272354960442 620
1789544358779 0.07612960431724787 630
1789544364253 0.0732333118095994 640
1789544369946 0.07814311366528273 650
1789544375647 0.0773312047123909 660
1789544381094 0.07868881076574326 670
1789544386808 0.07747730556875468 680
1789544392266 0.07740714736282825 690
1789544397977 0.07901431936770678 700
1789544403674 0.07679973468184471 710
1789544409143 0.07558741606771946 720
1789544414855 0.07768396455794573 730
1789544420299 0.07395724337548018 740
1789544426017 0.0787749907001853 750
1789544431710 0.07745997197926044 760
1789544437158 0.0775482865050435 770
1789544442835 0.07815629690885544 780
1789544448288 0.07976784706115722 790
1789544453973 0.07586040552705527 800
1789544459720 0.07914392109960318 810
1789544465170 0.0752567807212472 820
1789544470901 0.07691420279443265 830
1789544476378 0.07631647307425737 840
1789544482136 0.07985809035599231 850
1789544487870 0.07374377492815257 860
1789544493354 0.06631525680422783 870
1789544499065 0.07551446836441755 880
1789544504525 0.07481290083378553 890
1789544510295 0.06926111094653606 900
1789544515981 0.07813709862530231 910
1789544521463 0.07656450774520636 920
1789544527185 0.07786893695592881 930
