1789544011054 0.008 10
1789544016780 0.016 20
1789544022505 0.024 30
1789544027958 0.032 40
1789544033649 0.04 50
1789544039097 0.048 60
1789544044817 0.056 70
1789544050514 0.064 80
1789544055974 0.072 90
1789544061678 0.08 100
1789544067134 0.088 110
1789544072858 0.096 120
1789544078599 0.104 130
1789544084049 0.112 140
1789544089802 0.12 150
1789544095266 0.128 160
1789544101012 0.136 170
1789544106747 0.144 180
1789544112215 0.152 190
1789544117910 0.16 200
1789544123358 0.168 210
1789544129021 0.176 220
1789544134699 0.184 230
1789544140144 0.192 240
1789544145809 0.2 250
1789544151263 0.208 260
1789544156935 0.216 270
1789544162639 0.224 280
1789544168074 0.232 290
1789544173755 0.24 300
1789544179206 0.248 310
1789544184915 0.256 320
1789544190590 0.264 330
1789544196049 0.272 340
1789544201725 0.28 350
1789544207169 0.288 360
1789544212840 0.296 370
1789544218525 0.304 380
1789544223974 0.312 390
1789544229665 0.32 400
1789544235116 0.328 410
1789544240794 0.336 420
1789544246502 0.344 430
1789544251968 0.352 440
1789544257675 0.36 450
1789544263141 0.368 460
1789544268853 0.376 470
1789544274567 0.384 480
1789544280049 0.392 490
1789544285747 0.4 500
1789544291455 0.408 510
1789544296920 0.416 520
1789544302618 0.424 530
1789544308082 0.432 540
1789544313796 0.44 550
1789544319506 0.448 560
1789544324985 0.456 570
1789544330701 0.464 580
1789544336172 0.472 590
1789544341888 0.48 600
1789544347591 0.488 610
1789544353071 0.496 620
1789544358779 0.504 630
1789544364253 0.512 640
1789544369946 0.52 650
1789544375647 0.528 660
1789544381094 0.536 670
1789544386808 0.544 680
1789544392266 0.552 690
1789544397977 0.56 700
1789544403674 0.568 710
1789544409143 0.576 720
1789544414855 0.584 730
1789544420299 0.592 740
1789544426017 0.6 750
1789544431710 0.608 760
1789544437158 0.616 770
1789544442835 0.624 780
1789544448288 0.632 790
1789544453973 0.64 800
1789544459720 0.648 810
1789544465170 0.656 820
1789544470901 0.664 830
1789544476378 0.672 840
1789544482136 0.68 850
1789544487870 0.688 860
1789544493354 0.696 870
1789544499065 0.704 880
1789544504525 0.712 890
1789544510295 0.72 900
1789544515981 0.728 910
1789544521463 0.736 920
1789544527185 0.744 930
