1789544011054 8.321194648742676 10
1789544016780 5.439440727233887 20
1789544022505 3.515192747116089 30
1789544027958 1.584983468055725 40
1789544033649 2.0230891704559326 50
1789544039097 1.5966291427612305 60
1789544044817 1.0860189199447632 70
1789544050514 0.6226431727409363 80
1789544055974 0.9698988199234009 90
1789544061678 0.6367892622947693 100
1789544067134 0.5036031007766724 110
1789544072858 0.4345324635505676 120
1789544078599 0.4666905403137207 130
1789544084049 0.2881103456020355 140
1789544089802 0.38046741485595703 150
1789544095266 0.2202993631362915 160
1789544101012 0.3259808421134949 170
1789544106747 0.19193527102470398 180
1789544112215 0.20020300149917603 190
1789544117910 0.2874065637588501 200
1789544123358 0.2534230947494507 210
1789544129021 0.22005614638328552 220
1789544134699 0.17217986285686493 230
1789544140144 0.17128168046474457 240
1789544145809 0.21564128994941711 250
1789544151263 0.19708895683288574 260
1789544156935 0.18855701386928558 270
1789544162639 0.17629867792129517 280
1789544168074 0.18276557326316833 290
1789544173755 0.22221314907073975 300
1789544179206 0.22815196216106415 310
1789544184915 0.19393445551395416 320
1789544190590 0.17922301590442657 330
1789544196049 0.1870129257440567 340
1789544201725 0.20230603218078613 350
1789544207169 0.1724483221769333 360
1789544212840 0.28433048725128174 370
1789544218525 0.15469449758529663 380
1789544223974 0.2015581578016281 390
1789544229665 0.15492838621139526 400
1789544235116 0.17404255270957947 410
1789544240794 0.16842323541641235 420
1789544246502 0.17110580205917358 430
1789544251968 0.15754112601280212 440
1789544257675 0.15440776944160461 450
1789544263141 0.13808120787143707 460
1789544268853 0.20810304582118988 470
1789544274567 0.16129663586616516 480
1789544280049 0.16982917487621307 490
1789544285747 0.11558745801448822 500
1789544291455 0.17887458205223083 510
1789544296920 0.1273549646139145 520
1789544302618 0.15817205607891083 530
1789544308082 0.15775719285011292 540
1789544313796 0.159219890832901 550
1789544319506 0.16215121746063232 560
1789544324985 0.12921369075775146 570
1789544330701 0.13050298392772675 580
1789544336172 0.1503882259130478 590
1789544341888 0.1279946118593216 600
1789544347591 0.13960108160972595 610
1789544353071 0.14777007699012756 620
1789544358779 0.1714797466993332 630
1789544364253 0.1307152807712555 640
1789544369946 0.15483570098876953 650
1789544375647 0.15246419608592987 660
1789544381094 0.12811653316020966 670
1789544386808 0.16640430688858032 680
1789544392266 0.14589880406856537 690
1789544397977 0.13427172601222992 700
1789544403674 0.12086965888738632 710
1789544409143 0.14421458542346954 720
1789544414855 0.13592195510864258 730
1789544420299 0.13868802785873413 740
1789544426017 0.1319449096918106 750
1789544431710 0.14402472972869873 760
1789544437158 0.13737565279006958 770
1789544442835 0.11524035781621933 780
1789544448288 0.14425960183143616 790
1789544453973 0.12487176805734634 800
1789544459720 0.12574687600135803 810
1789544465170 0.19537365436553955 820
1789544470901 0.14570602774620056 830
1789544476378 0.1547756940126419 840
1789544482136 0.12876266241073608 850
1789544487870 0.1089855208992958 860
1789544493354 0.15694621205329895 870
1789544499065 0.13321970403194427 880
1789544504525 0.1272452175617218 890
1789544510295 0.12116584926843643 900
1789544515981 0.14297468960285187 910
1789544521463 0.10673963278532028 920
1789544527185 0.12316495180130005 930
