1789544011054 1.8e-05 10
1789544016780 3.8e-05 20
1789544022505 5.8e-05 30
1789544027958 7.800000000000001e-05 40
1789544033649 9.8e-05 50
1789544039097 0.000118 60
1789544044817 0.000138 70
1789544050514 0.00015800000000000002 80
1789544055974 0.00017800000000000002 90
1789544061678 0.00019800000000000002 100
1789544067134 0.0001999989431733117 110
1789544072858 0.00019999528997393152 120
1789544078599 0.00019998902744992197 130
1789544084049 0.00019998015576470037 140
1789544089802 0.0001999686751497687 150
1789544095266 0.00019995458590470758 160
1789544101012 0.00019993788839716846 170
1789544106747 0.00019991858306286404 180
1789544112215 0.00019989667040555689 190
1789544117910 0.0001998721509970463 200
1789544123358 0.00019984502547715338 210
1789544129021 0.00019981529455370431 220
1789544134699 0.00019978295900251197 230
1789544140144 0.00019974801966735566 240
1789544145809 0.00019971047745995888 250
1789544151263 0.00019967033335996592 260
1789544156935 0.00019962758841491596 270
1789544162639 0.00019958224374021596 280
1789544168074 0.00019953430051911138 290
1789544173755 0.00019948376000265543 300
1789544179206 0.00019943062350967638 310
1789544184915 0.00019937489242674315 320
1789544190590 0.00019931656820812904 330
1789544196049 0.00019925565237577405 340
1789544201725 0.0001991921465192448 350
1789544207169 0.00019912605229569327 360
1789544212840 0.00019905737142981354 370
1789544218525 0.00019898610571379686 380
1789544223974 0.00019891225700728463 390
1789544229665 0.00019883582723732014 400
1789544235116 0.00019875681839829812 410
1789544240794 0.00019867523255191275 420
1789544246502 0.0001985910718271039 430
1789544251968 0.00019850433842000159 440
1789544257675 0.00019841503459386848 450
1789544263141 0.00019832316267904111 460
1789544268853 0.0001982287250728689 470
1789544274567 0.00019813172423965159 480
1789544280049 0.0001980321627105751 490
1789544285747 0.0001979300430836452 500
1789544291455 0.00019782536802362012 510
1789544296920 0.0001977181402619405 520
1789544302618 0.0001976083625966586 530
1789544308082 0.00019749603789236497 540
1789544313796 0.00019738116908011387 550
1789544319506 0.00019726375915734662 560
1789544324985 0.0001971438111878136 570
1789544330701 0.0001970213283014942 580
1789544336172 0.000196896313694515 590
1789544341888 0.00019676877062906658 600
1789544347591 0.00019663870243331834 610
1789544353071 0.00019650611250133162 620
1789544358779 0.00019637100429297112 630
1789544364253 0.00019623338133381465 640
1789544369946 0.00019609324721506113 650
1789544375647 0.00019595060559343685 660
1789544381094 0.00019580546019110014 670
1789544386808 0.00019565781479554404 680
1789544392266 0.00019550767325949778 690
1789544397977 0.0001953550395008259 700
1789544403674 0.00019519991750242626 710
1789544409143 0.00019504231131212607 720
1789544414855 0.00019488222504257614 730
1789544420299 0.00019471966287114368 740
1789544426017 0.00019455462903980329 750
1789544431710 0.0001943871278550262 760
1789544437158 0.00019421716368766794 770
1789544442835 0.0001940447409728543 780
1789544448288 0.00019386986420986556 790
1789544453973 0.0001936925379620191 800
1789544459720 0.0001935127668565503 810
1789544465170 0.0001933305555844919 820
1789544470901 0.00019314590890055137 830
1789544476378 0.0001929588316229871 840
1789544482136 0.00019276932863348248 850
1789544487870 0.00019257740487701864 860
1789544493354 0.00019238306536174528 870
1789544499065 0.00019218631515885006 880
1789544504525 0.00019198715940242633 890
1789544510295 0.00019178560328933907 900
1789544515981 0.00019158165207908931 910
1789544521463 0.0001913753110936769 920
1789544527185 0.0001911665857174615 930
