1789544011054 4.6325 10
1789544016780 3.5451 20
1789544022505 1.9003 30
1789544027958 0.7675 40
1789544033649 0.368 50
1789544039097 0.2182 60
1789544044817 0.152 70
1789544050514 0.1212 80
1789544055974 0.1129 90
1789544061678 0.1028 100
1789544067134 0.1015 110
1789544072858 0.0853 120
1789544078599 0.0851 130
1789544084049 0.084 140
1789544089802 0.0878 150
1789544095266 0.0855 160
1789544101012 0.0781 170
1789544106747 0.0859 180
1789544112215 0.0785 190
1789544117910 0.0804 200
1789544123358 0.0796 210
1789544129021 0.0763 220
1789544134699 0.0699 230
1789544140144 0.076 240
1789544145809 0.0813 250
1789544151263 0.0812 260
1789544156935 0.0808 270
1789544162639 0.0765 280
1789544168074 0.0748 290
1789544173755 0.0797 300
1789544179206 0.0761 310
1789544184915 0.0776 320
1789544190590 0.0792 330
1789544196049 0.0783 340
1789544201725 0.0769 350
1789544207169 0.0781 360
1789544212840 0.0808 370
1789544218525 0.0752 380
1789544223974 0.0798 390
1789544229665 0.083 400
1789544235116 0.0831 410
1789544240794 0.0778 420
1789544246502 0.076 430
1789544251968 0.076 440
1789544257675 0.0738 450
1789544263141 0.0751 460
1789544268853 0.0781 470
1789544274567 0.075 480
1789544280049 0.0797 490
1789544285747 0.0824 500
1789544291455 0.0784 510
1789544296920 0.074 520
1789544302618 0.0803 530
1789544308082 0.0764 540
1789544313796 0.0777 550
1789544319506 0.0732 560
1789544324985 0.0793 570
1789544330701 0.0773 580
1789544336172 0.0747 590
1789544341888 0.0765 600
1789544347591 0.0735 610
1789544353071 0.0744 620
1789544358779 0.0774 630
1789544364253 0.0732 640
1789544369946 0.0783 650
1789544375647 0.0748 660
1789544381094 0.0757 670
1789544386808 0.0784 680
1789544392266 0.0761 690
1789544397977 0.0749 700
1789544403674 0.0774 710
1789544409143 0.0767 720
1789544414855 0.0751 730
1789544420299 0.0746 740
1789544426017 0.0789 750
1789544431710 0.0755 760
1789544437158 0.0787 770
1789544442835 0.0791 780
1789544448288 0.0745 790
1789544453973 0.0773 800
1789544459720 0.0765 810
1789544465170 0.0757 820
1789544470901 0.0779 830
1789544476378 0.0738 840
1789544482136 0.0758 850
1789544487870 0.0736 860
1789544493354 0.0679 870
1789544499065 0.0796 880
1789544504525 0.0725 890
1789544510295 0.0697 900
1789544515981 0.0791 910
1789544521463 0.073 920
1789544527185 0.077 930
