1789544011054 0.3915001168847084 10
1789544016780 0.4919712707400322 20
1789544022505 0.6671327918767929 30
1789544027958 0.8638284415006637 40
1789544033649 0.9279810428619385 50
1789544039097 0.9457166612148284 60
1789544044817 0.9590186029672623 70
1789544050514 0.9645545959472657 80
1789544055974 0.9650314241647721 90
1789544061678 0.9720764070749283 100
1789544067134 0.9657169848680496 110
1789544072858 0.9728238344192505 120
1789544078599 0.9730695307254791 130
1789544084049 0.9722401618957519 140
1789544089802 0.9703024357557297 150
1789544095266 0.9719981342554093 160
1789544101012 0.9738066405057907 170
1789544106747 0.9714473605155944 180
1789544112215 0.9737502574920655 190
1789544117910 0.9715242236852646 200
1789544123358 0.9725906431674958 210
1789544129021 0.9733731210231781 220
1789544134699 0.9764961272478103 230
1789544140144 0.9727257370948792 240
1789544145809 0.9710867553949356 250
1789544151263 0.971699446439743 260
1789544156935 0.9726535022258759 270
1789544162639 0.9735028356313705 280
1789544168074 0.9740367829799652 290
1789544173755 0.9712117850780487 300
1789544179206 0.9725840091705322 310
1789544184915 0.9737230211496353 320
1789544190590 0.9712742179632187 330
1789544196049 0.9717187911272049 340
1789544201725 0.9717488408088684 350
1789544207169 0.9722792893648148 360
1789544212840 0.9739800304174423 370
1789544218525 0.9737124532461167 380
1789544223974 0.9717758625745774 390
1789544229665 0.9722972571849823 400
1789544235116 0.9696708261966706 410
1789544240794 0.9721912771463395 420
1789544246502 0.972022095322609 430
1789544251968 0.9732278347015381 440
1789544257675 0.9737456798553467 450
1789544263141 0.9732000350952148 460
1789544268853 0.971662238240242 470
1789544274567 0.9731639266014099 480
1789544280049 0.971053096652031 490
1789544285747 0.9698138415813446 500
1789544291455 0.9723802328109741 510
1789544296920 0.9736787289381027 520
1789544302618 0.9711778074502945 530
1789544308082 0.9726418495178223 540
1789544313796 0.9718136101961136 550
1789544319506 0.9746560424566268 560
1789544324985 0.9727222412824631 570
1789544330701 0.9721602767705917 580
1789544336172 0.9734481513500214 590
1789544341888 0.9726284205913543 600
1789544347591 0.9750529140233993 610
1789544353071 0.9725928604602814 620
1789544358779 0.9723233848810195 630
1789544364253 0.9742116093635559 640
1789544369946 0.9721708446741104 650
1789544375647 0.9730202466249466 660
1789544381094 0.9734588414430618 670
1789544386808 0.9716516226530075 680
1789544392266 0.9722533226013184 690
1789544397977 0.9713965743780136 700
1789544403674 0.9731945693492889 710
1789544409143 0.9738605439662933 720
1789544414855 0.9734128057956696 730
1789544420299 0.9758609235286713 740
1789544426017 0.9722145348787308 750
1789544431710 0.972035014629364 760
1789544437158 0.9731995552778244 770
1789544442835 0.9723966717720032 780
1789544448288 0.9732698023319244 790
1789544453973 0.9718301087617874 800
1789544459720 0.97119300365448 810
1789544465170 0.9735726237297058 820
1789544470901 0.9717360407114028 830
1789544476378 0.972165635228157 840
1789544482136 0.9723051220178605 850
1789544487870 0.9743519723415375 860
1789544493354 0.9743095844984054 870
1789544499065 0.9704708993434906 880
1789544504525 0.9747444689273834 890
1789544510295 0.9748309642076493 900
1789544515981 0.9699022620916367 910
1789544521463 0.9743570446968078 920
1789544527185 0.9723675042390824 930
