1789544011054 6504.0 10
1789544016780 12923.0 20
1789544022505 19368.0 30
1789544027958 25819.0 40
1789544033649 32371.0 50
1789544039097 38804.0 60
1789544044817 45247.0 70
1789544050514 51709.0 80
1789544055974 58266.0 90
1789544061678 64656.0 100
1789544067134 71106.0 110
1789544072858 77451.0 120
1789544078599 83893.0 130
1789544084049 90336.0 140
1789544089802 96862.0 150
1789544095266 103327.0 160
1789544101012 109736.0 170
1789544106747 116198.0 180
1789544112215 122542.0 190
1789544117910 129023.0 200
1789544123358 135396.0 210
1789544129021 141815.0 220
1789544134699 148229.0 230
1789544140144 154704.0 240
1789544145809 161171.0 250
1789544151263 167681.0 260
1789544156935 174105.0 270
1789544162639 180507.0 280
1789544168074 186921.0 290
1789544173755 193387.0 300
1789544179206 199801.0 310
1789544184915 206258.0 320
1789544190590 212743.0 330
1789544196049 219172.0 340
1789544201725 225556.0 350
1789544207169 232054.0 360
1789544212840 238504.0 370
1789544218525 244901.0 380
1789544223974 251345.0 390
1789544229665 257752.0 400
1789544235116 264211.0 410
1789544240794 270641.0 420
1789544246502 277064.0 430
1789544251968 283509.0 440
1789544257675 289882.0 450
1789544263141 296369.0 460
1789544268853 302781.0 470
1789544274567 309210.0 480
1789544280049 315666.0 490
1789544285747 322165.0 500
1789544291455 328665.0 510
1789544296920 335086.0 520
1789544302618 341598.0 530
1789544308082 348053.0 540
1789544313796 354525.0 550
1789544319506 360939.0 560
1789544324985 367384.0 570
1789544330701 373847.0 580
1789544336172 380200.0 590
1789544341888 386633.0 600
1789544347591 393055.0 610
1789544353071 399506.0 620
1789544358779 405893.0 630
1789544364253 412319.0 640
1789544369946 418749.0 650
1789544375647 425194.0 660
1789544381094 431581.0 670
1789544386808 438134.0 680
1789544392266 444544.0 690
1789544397977 451037.0 700
1789544403674 457520.0 710
1789544409143 463962.0 720
1789544414855 470388.0 730
1789544420299 476862.0 740
1789544426017 483342.0 750
1789544431710 489764.0 760
1789544437158 496261.0 770
1789544442835 502745.0 780
1789544448288 509184.0 790
1789544453973 515620.0 800
1789544459720 522081.0 810
1789544465170 528541.0 820
1789544470901 534976.0 830
1789544476378 541379.0 840
1789544482136 547903.0 850
1789544487870 554295.0 860
1789544493354 560723.0 870
1789544499065 567217.0 880
1789544504525 573731.0 890
1789544510295 580196.0 900
1789544515981 586682.0 910
1789544521463 593085.0 920
1789544527185 599512.0 930
